78.31316909639906 2.8449393334089925 -9.335188105710898
88.20493341931574 -34.04916556252489 51.779862560955834
24.290952299524065 27.118745833095705 12.608449227622506
42.318702950565736 0.3390882605712022 44.529942560955874
57.351051583378236 -14.693416946968316 22.54720208095585
64.87511687355682 16.483433271857212 59.364016160955835
55.52976252087824 1.74561020481604 -37.05114269618708
24.464902494836565 40.959454397169594 7.7828150942891625
84.33157458685045 -11.97195285217699 29.737739183178064
65.25537558511434 15.810623200479846 3.7614533165113704
61.92363110346753 -30.19005581589799 40.77660221809871
16.861320748417295 24.486626745558237 19.173244960955834
51.65517450818293 67.51258823516856 -3.7160222390442073
70.28958918103449 38.570658651263656 -39.78048303904423
33.279904936242815 59.06617932053833 -82.20903557237754
81.24814630994074 -32.969655325264306 -19.261489119044224
58.283973946659486 78.34085628373836 -50.221350879044216
33.872658028690736 -2.4780432742558247 0.31935696095580396
42.83902765759699 -34.65449334114942 32.809648160955845
55.625892891971986 16.040759753737888 -9.969795039044229
43.090797677128236 60.811170768319 21.379350560955842
29.376198067753233 30.38328883975119 -43.772171572377566
72.50007908988866 3.4432221155052267 51.27032016095583
13.631162260461567 -16.80301406122935 10.934004427622492
92.34273554333916 -10.153621184127285 16.70212816095583
82.01684050636932 -17.969851288423232 54.61499673238442
47.9502133672324 38.395075660865864 -24.236982239044227
69.73645807751886 -36.838984187734454 -5.156995039044229
56.23777033337823 27.313838044648822 26.285812427622506
22.265602364628233 3.5906251197898107 -7.006475572377558
50.0409581123961 39.695690404553304 37.423499589527275
86.97333115927108 -71.78743136114734 67.48720336095586
65.77451349744074 -11.015278451820215 -47.949545439044215
75.6388120000449 33.26198280577941 10.58447909428916
16.271950020878233 39.96231642700923 -63.01463343904421
55.910011544315736 44.78629651134596 -26.36100399904422
46.643043770878236 -0.04134155195739453 -19.202179039044218
30.022560372440733 8.782679176590074 -24.60463919904422
21.575905099003233 46.58894854609676 -75.46428890571087
5.757627104211568 19.55350340731373 7.3699382942891605
39.392067208378236 63.26716494264878 -63.498507572377555
90.33582331189386 -20.665839849981065 -11.47302703904423
80.57935358533136 15.569286909151188 50.97868496095584
65.8335141484824 72.73130489421442 -46.799934772377554
41.600929513065736 -13.093660812232761 6.224150560955826
74.18566665499283 -53.848857343926774 28.414640160955845
37.27458325190503 -16.754705513606677 36.32483536095585
63.64438654431573 38.017897385196505 14.121238560955826
45.67461929171157 23.563732200350017 -48.06204890571089
57.757545724003236 -7.181716494801471 57.98120656095584
75.65839411267511 -15.443871654075974 -29.05305903904422
87.36341120251885 7.783481899752193 3.9832289609558167
65.46552301892511 47.554654993284686 56.02495696095585
36.00385309705011 24.19886573351738 -10.457219039044222
46.704078927128236 8.030056778242948 43.98402768095584
58.43198420056573 -38.04205282564534 6.420758560955828
71.05634333142511 29.7216010889002 38.41010896095585
55.394264474003236 12.809382423046419 -39.93482031904423
75.51511408337824 -2.8526203204378104 66.24988368095585
43.794736479211565 -21.24678110216146 -3.36158170571089
31.53073908337824 20.36855531335786 32.40840400095585
72.64096857556574 -10.61425557251659 -12.738144905710888
52.58481623181574 -22.394418778377098 46.80450987524156
18.728615059940733 34.82813972630304 2.087190560955815
58.420387520878236 48.526864514191054 -16.14525231904422
80.44431330212824 -23.936885930354997 21.379350560955842
24.690986886112608 13.306217255135017 -20.897923039044223
50.976539864628236 29.924822142601364 0.9706209609558165
47.65419285941991 64.9948148605136 8.367723894289156
33.66353632458918 39.47241820688696 -73.5143198390442
60.026527657596986 13.094867359285814 34.78310096095585
93.80185724744074 -1.1002587224429259 13.79901989428916
55.993629708378236 60.22589413365965 63.73199056095585
87.18442560681572 -36.57409231827012 37.47957968095585
38.37125422009699 11.361798213322283 22.375497760955835
64.46416498669855 -17.988199246414542 -31.871926239044225
14.305600737024067 -4.16537413506633 -3.7700894390442223
41.30639128761931 52.317227481508745 45.37442073238441
73.41088347511932 -60.54268789143816 57.45785478952727
22.283912911503233 21.2139548967547 -53.23748143904423
61.128720854211565 56.29586991648407 -38.04869423904423
36.874977364628236 -29.21868240446971 16.386818080955827
44.39618708142511 32.57157314600532 36.31500496095584
56.626869454471986 6.946211158503402 18.769379360955824
70.29172541150324 -31.343886895654997 63.36302288095585
15.308204903690733 35.72101174784446 -20.826488799044217
62.387062325565736 63.33761490793185 -6.325993439044236
52.22089411267511 36.25881594435922 -28.68851503904423
43.89951349744073 49.12948267876623 -46.533421705710886
48.16892267712823 -2.314165816551205 -11.26631557237756
74.16837336072199 19.629372600695504 10.854815094289156
34.527565255253236 55.2467073565762 -29.512630239044224
42.629982247440736 22.176409807083417 -61.99882543904422
57.50163403315503 -4.8466485246169 37.90799787524156
22.356392159550108 -18.936022240876767 19.791740960955835
78.57256851046158 -12.216179398491626 -17.549579572377557
16.040016427128233 4.015492602727693 -27.08725210571089
44.49155451306574 69.43517552949795 -78.76808349618706
91.67417170056574 -11.782641150595813 76.85229776095585
33.7137631719199 38.7028878168719 0.06048976095581319
41.053444161503236 -7.087421925884132 36.55552208095584
52.98357925264907 -26.92902240458261 -10.425270239044222
66.46482111462824 41.045728508500865 54.86300368095583
83.61116598069967 5.114202390966516 68.34338438952727
64.01609064587824 4.849620191679247 -1.8747883190442196
57.64971694796157 -30.945031707590857 24.88552656095584
16.768514613512163 22.427242650508845 -9.174468867615655
55.328346505253236 54.038219490566625 15.874326560955836
85.27524591931574 -18.92951916715833 6.75663056095582
55.74592869926366 73.41195994341085 -31.395151839044228
28.584572091190733 -4.878978091102849 20.858339360955835
61.00200024409253 28.484391313967524 -19.60218269618708
39.920631661503236 45.59267765243219 -11.813322719044223
24.105812325565733 16.008894692517536 -30.550065119044223
58.37934137830011 51.39472002402188 42.585980960955844
75.58744074353449 -31.93566660403279 54.9758348276225
44.80842869926366 28.586272802223036 15.936585760955827
31.068397774784483 9.306826918296117 35.297558560955856
28.334785714237608 44.58925337767731 -32.46502703904423
75.93610407361261 -35.46358409628499 19.320700960955833
24.862648263065733 0.6668431759804235 -26.93444399904423
47.365438441637174 60.21691369852466 21.609194675241547
95.3684262578574 -21.012670448297722 86.5822092276225
86.16723113136929 -57.78166859269595 35.56040473238442
68.79473647921156 7.548829323078593 -37.79201157237757
82.25217463025324 15.930857807896297 1.808334880955823
88.30476949632465 3.1261198541871402 33.01760793238442
52.48585208561038 65.17659125445279 -66.28347549618707
27.532173409550108 -16.90706324072435 -7.9381790390442255
57.085548653690736 -3.76044941153165 14.131068960955826
67.28284479626886 -18.64663546040631 37.13174736095584
69.70910124855682 47.791088173476446 -3.0300007533299333
62.150245919315736 16.291561630145623 -38.66211119904422
43.379188790409486 48.71545365202574 -67.9421214390442
35.51531753389907 6.061793132795951 1.9151585609558122
31.903053536503233 -26.462246224348114 28.5995973165114
71.21492574632467 32.835876642133215 -15.06943206761566
48.94050877738866 40.97679592708543 -55.99627397237756
60.50892337467288 19.77584659444886 52.57869958952726
53.52039798404788 76.67216756758738 -22.941710010472793
84.95862604626886 -1.7494822486669044 18.538364960955832
25.402809395878233 14.82793650524933 -44.139610079044225
32.942177071659486 18.684259220282634 -17.68829743904422
77.81522394665949 27.84492239832119 -23.233189172377553
58.414894356815736 -25.27521850160938 -1.3262519990442059
77.99578628389908 21.409047108307817 30.73133776095584
36.369301095096986 55.50466261407421 37.343100960955844
38.143026332262174 34.85182949484878 -81.96998521047276
90.67075373181574 -47.5469453725132 71.28829136095585
56.24590835421157 2.263998081228602 -53.30492890571089
76.46482111462824 -5.276966202671209 41.634562080955845
45.042701974003236 -29.312326666015213 20.735131680955835
72.65317560681574 10.628576651568483 -25.143427039044226
41.420614222887174 -9.261306568904578 -28.91999755332993
26.28137656167684 24.157679599967285 -3.2388837501553303
59.66260553845636 61.56227578279849 9.719676960955823
27.067238106815733 50.795136627181975 -71.9668510390442
75.40952326306574 -37.23567168455914 -12.49489711904422
27.014747872440733 3.723287823645916 9.05661648095582
59.8706700264586 -44.78171455936287 36.35853958952727
47.750831856815736 19.237020486349785 19.602669600955828
42.6737241094199 58.047364437983184 0.27348176095578935
30.084205880253236 28.20801068093394 -30.779113439044224
85.93564630994074 -54.29973712173843 8.417640480955821
70.18328628389906 2.6975363291244228 68.71272656095584
92.13712336072199 -7.11776960323684 -1.0547145057108789
50.94602228650324 60.25840950225183 51.90087010381298
84.91819025525324 -23.358112369414087 37.09379109428918
42.100807442753236 26.015824530448754 -8.289451999044228
65.06955744275324 -22.348835328312624 10.283450400955825
56.04474665173761 42.41397521886006 37.77891536095586
21.647316231815733 12.949848815364657 14.868348960955837
82.25163209553101 -61.26091625545223 44.8627198054003
21.536842599003233 32.700984313002216 -32.63738671904423
67.00916751529789 -42.19720726154967 14.996144160955831
56.769386544315736 46.7398198563645 -59.61659183904421
45.91934120391396 28.5865824724001 43.53379536095584
57.729062651086565 -1.3387047587856198 -12.15105157237756
69.29700495251886 -44.25573976361212 53.23558096095585
68.34409357556574 59.10086238037002 -20.514537439044233
58.26057713676366 25.446733323710856 -54.9515209057109
49.51169611462824 69.13510512791864 -26.372363572377555
72.87159427311039 21.607855361985763 56.41864107524157
49.838234200565736 -6.686832584828403 -16.667574239044225
69.80792007296158 -56.20586028498702 46.479092427622504
71.04235610811783 30.745293276744192 1.9435574942891545
33.29414647270115 42.721787374866075 14.436357494289163
51.327492013065736 -13.398654969627469 33.52726736095584
80.97348810681574 11.199221370361352 15.392636960955832
92.83575791708358 -21.65988111837076 36.94742736095585
27.686032865930315 40.200762463351914 23.492340427622505
7.027158354211568 0.4084543802345261 0.8359990942891405
55.51831842908136 70.6308120831592 43.30278096095586
10.468117013065735 23.80738069566747 -44.81200943904423
87.78771452980679 -4.1498906262129145 52.57776336095584
66.68902358858656 61.62405498312364 -37.94492890571089
39.5059995000449 -22.222242159927045 10.322335094289164
65.14178237764908 -9.170573207023528 24.2574732276225
45.535255684940736 5.346455023767849 -38.55168303904423
47.64605483858657 45.509438308836174 -3.8498249057108773
68.19944025525324 25.217247077824652 -30.84366639904423
30.503822579471983 55.88184088974358 -58.88750383904421
79.21369196423761 -28.645111302503548 -3.2687390390442097
34.529396309940736 7.1230947636449 -12.84027183904422
46.5250424687949 -32.89161844064306 45.979380427622495
56.030250802128236 34.119304690993374 5.757206560955822
39.261451974003236 61.2650853138659 -15.73565231904422
27.921272530643858 32.30169558669017 -56.623235039044225
71.63999201306574 9.16505991123418 41.34096080095584
58.518043770878236 62.34199432163912 26.741506080955833
8.6893491094199 10.041674248479532 -30.883424905710896
31.406125639367815 60.33644638687309 -97.1769118390442
81.69858576306574 -29.868989776313434 68.79464656095585
47.829567208378236 22.38710939556078 0.8613396809558026
28.717018380253233 -5.0532604667569645 33.340981280955845
69.17569757947199 -19.001052978061132 -7.485980639044229
50.80869318494074 15.736199134591066 48.890271094289155
18.84937747623538 -7.84177847722285 10.632850903812965
81.42850519665949 -57.07004652579268 24.484118560955835
72.70887018689386 32.57482468286454 17.88300496095583
17.884804024784483 15.55953229857353 -45.516521439044226
93.56687189587824 -12.923930588181545 57.89519056095583
51.553322091190736 11.396914811401837 -4.143644639044223
68.96309178520116 -29.115500301470508 29.75266682762251
60.261207833378236 36.57421501970343 -45.56108591904422
38.09125544080012 56.423221776803466 -41.67775023904423
88.22934748181574 -38.02904667820847 12.570219894289172
44.636207833378236 -3.2428047435440477 25.158811680955836
76.75107599744074 -48.090602335374555 48.38608080095584
64.81168390759699 14.905973389870589 -13.350633439044223
45.23007990369074 33.82558252804396 -30.251548639044227
17.636085763065733 -12.814462180587858 3.9303905609558
87.72580744275324 -2.535270322978076 -7.638679519044231
62.79040298311782 54.33844472723447 36.01408549428918
92.84116388806574 -21.347361975673287 54.79877840095585
31.713081612675108 45.94514424797147 7.294844960955814
47.854591622440736 -10.995769230664912 36.68200656095584
62.007423653690736 -34.687333863427526 17.26631120095583
71.23614272921156 32.49751036198979 56.0883084276225
10.36145807751886 9.831950121059922 -12.890243039044227
33.80506159314386 44.58925337767731 34.934652960955844
53.445411934940736 -10.333756326128 -25.97434159904423
76.21152521619074 11.372636669519673 29.298283894289188
79.19919611462824 -1.7809137716393526 7.537055094289154
37.93637873181574 8.888462509076662 -52.34719308348867
51.71201349744073 -43.70839772564366 46.512406560955846
24.508034005253233 14.989212733466582 25.199444000955843
56.29956842908136 54.27558168128956 3.3012449609558203
67.89395929822199 26.27172048126925 -42.43264303904423
77.65958429822199 -24.65439173062257 -22.338076639044218
51.51059748181573 74.7125746870983 -54.2142409057109
26.571632638065733 -13.41101080969249 -0.2907831990442048
40.71118952283136 -14.599555916298872 21.76191696095583
52.567726388065736 41.68042850342033 -15.828713439044218
50.654274239628236 43.62094570100201 13.788315680955833
34.01601435193293 23.680245604472017 -56.76331823904421
67.44039179333917 -4.668278502625489 40.272969760955846
38.160988106815736 47.447354276930454 -84.3013815990442
86.64586664685478 -39.50199287543451 71.43902416095584
38.180519356815736 27.66500402544442 -20.798526772377556
18.225075020878233 43.311399392004404 -53.45456943904423
64.3137387578574 -37.1663055648958 -1.8586227723775532
62.774635567753236 31.579854403943628 32.75803856095584
10.595680489628235 3.49307901401324 -4.765417439044224
28.054278308638647 41.362644967712704 -75.4287902390442
21.371437325565733 28.63071047263235 -54.28032303904423
58.04135920056573 63.03738967126399 -32.7643081057109
31.40790583142511 -14.113993078655561 17.137532960955824
57.802304838586565 -10.56006329152961 -29.43617157237756
30.760678862024065 -0.27220066896191025 -37.390057439044234
75.36389948376886 -21.660810128901964 67.19884496095585
62.58046747693293 45.00653394127703 5.491376160955813
53.194150541711565 13.81670854203234 -58.025978505710874
48.17706069796158 59.099417252877 -59.00892748348867
47.639137520878236 8.108960739359976 11.330715680955825
72.51645685681574 27.311236815161436 20.50116816095583
44.035825346399065 34.97445888496787 -42.62201477237755
74.5221592842711 -7.3686024466622735 6.279856160955818
91.63510920056574 -43.40058556963762 28.26609189428918
28.489153796919897 11.68044882552571 -8.819638239044224
50.021950020878236 -17.385689466401328 12.215451680955828
65.55224380343033 22.919927902224728 41.65018149428918
64.72252898293182 -2.2584251846788823 -39.725011496187086
8.736820897614345 21.857036631133486 -24.905813527933113
83.11460138806574 -5.7282795187307585 72.88245456095584
66.08884455212824 56.47362059812136 -47.638249439044216
43.61188532361261 -29.370204022109302 1.380220960955807
37.933326974003236 32.75821136172447 26.44659408095584
60.62924982556573 8.03872754320085 -12.369504905710889
57.3526791875449 -21.58927631799915 53.80547109428917
14.616371407596985 27.053715095911315 5.771952160955824
58.71884943494074 73.44339146638328 -20.160643039044224
39.390236153690736 48.41241041674655 -26.352484319044226
85.95121027478449 -32.01370348865404 20.90093776095583
36.16140009412043 0.8463280106092856 -25.797967839044226
52.07008641410741 -41.25457124255333 36.714228427622515
56.622291817753236 23.919233563624594 -6.62500143904423
37.487770333378236 51.30692852882297 6.786940960955825
65.42050959119074 1.92908978472909 19.45873616095583
48.2404210030211 71.07023406441931 -46.38674589618707
60.317970528690736 58.79521791560347 55.35157456095584
73.68955255994074 -15.489393170105028 41.93406160095584
44.186760201542306 41.877471637088995 22.017097760955835
71.3779223109173 -26.794986829608156 -21.126070239044218
21.738868966190733 9.557845563827794 -2.040594399044204
45.66114069470636 52.43521181897184 53.81721296095583
78.91945164848241 -65.34845936936328 64.49603109428917
79.69314491485146 24.45991769278609 -5.003570581901353
15.985084786503233 35.072004990744446 -43.68970543904422
51.691871895878236 47.80112148721346 -38.361956319044225
38.30309829561782 34.913763530262464 43.53707216095586
53.40039850720636 2.250991933791731 24.07779536095584
31.683326974003236 13.05259738011597 -44.48432943904422
65.96799494275324 -30.97451230844776 57.30225360095583
69.53275324353449 48.57383115771311 -14.432250505710888
57.57698338676366 25.521157389599626 -30.676986505710897
43.340431466190736 62.1781168639345 -51.99803183904421
92.49875666150324 -16.62092799711311 -0.6980894390441925
39.43871550636931 -9.68679339219661 -4.649208067615644
69.31760431775324 42.48160718553181 12.53985488095583
28.284431710331358 46.56618778808223 -23.736451039044223
47.10599543103449 20.616972729402164 -70.72101167904421
62.41554539848241 -14.875936549332451 45.381910560955845
69.88904596814386 -15.291049421692698 -41.78342703904423
85.70772359788715 14.896063944204384 -13.294342696187076
28.536964669315733 -7.026726571178718 -24.424852105710887
37.338844552128236 27.20371932968328 4.1905684809558155
49.048439278690736 8.207807459880218 27.392278560955837
73.96237970837824 23.260255426822948 46.05583909428918
5.866473132857401 -1.7982553015551872 5.50325456095582
82.15024591931574 -22.534389698412028 75.08282576095586
86.73154474744074 -53.5141658165512 24.972034080955837
46.987020472887174 0.01207655358690829 -47.656271839044216
55.72710952608657 68.47179160863804 57.030934560955835
79.72104670056574 1.8640590475447212 50.07183056095584
47.58705418754491 -16.1873897492173 -17.45946757237755
67.15899429171158 -4.867706096657557 -1.6270622390442047
52.885923002649065 -23.861016736973227 32.89402576095585
23.717628731815733 39.43556745581581 -7.708803039044227
59.266639962284486 40.10863558567406 17.03922896095584
64.98868586072199 15.33517625528745 -50.33014063904422
74.52186864066991 -35.92638617591377 6.909547894289152
33.013893380253236 2.9273116005091993 28.8089484276225
52.62067438611261 29.689627643117895 -17.268867039044217
44.29242731580011 65.45436540328316 -13.095043039044224
34.228492989628236 38.09810196105722 -24.91145690571089
81.56329116671156 -42.828315082415145 18.678175094289163
85.8896664922324 1.7957767735011363 -15.335008905710888
50.745216622440736 65.53630413213548 34.68643536095584
81.67518895316991 -33.41836741183648 48.09564709428918
39.94799575655532 14.830104196488819 5.198512160955808
37.310768380253236 -2.736865608249623 39.966998560955844
64.71250177869074 -20.405716901243576 24.15807696095584
41.126075997440736 58.95519352907699 31.17305040095585
79.01456476697199 -44.096414457510406 38.94136016095585
78.42099787244074 2.9728331165382578 -26.924777439044224
94.16094741671156 -5.33159202190608 37.11017509428919
58.11547331886931 62.068122017039784 -56.43013789618707
53.27843718605681 44.450366303262115 57.54211536095584
62.89103833003003 13.426988624191697 19.518128160955833
75.35143813936783 -25.01206078513661 36.213424160955846
54.887876127649065 32.74607229078338 -43.12991877237755
48.95627619275324 38.92182463205928 -70.50212143904422
44.386268868534486 4.6343684515989665 -0.48591663904419846
65.42813898572199 -44.43132275400992 57.00635856095583
72.31951675264906 20.698044381758677 -5.007627572377558
35.693336739628236 56.135460764762634 22.75560656095584
38.42422401641396 32.93744846021168 -48.82187641047279
50.372291817753236 -2.5742887652886957 48.254844960955836
23.625669096399065 -20.938968946155427 13.43857189428916
79.70197321423761 -9.675645265822144 17.407868960955838
40.66999079236261 57.829511468415525 -85.6392990390442
90.44492365369074 -28.842371205296146 74.96813776095583
26.196266427128233 30.0295216294682 -17.93438511904422
52.227760567753236 -23.696272202772818 0.8583905609558045
67.40313491671158 38.43842948565544 27.014900427622504
61.135841622440736 -5.789408411684059 -47.443279839044216
84.27732111462824 8.643513399015518 38.33679056095586
62.326408639042306 45.79069624715859 -39.02067503904422
70.52877069958917 -2.944963967239616 -22.789046239044218
50.3214291875449 10.985342501399439 -30.610358239044228
12.782773588586567 13.158814250850446 3.454708427622483
52.60236383923761 65.85430443696706 12.367331360955824
83.27634455212824 -12.296383974352352 -9.012969439044227
59.243751778690736 81.50395134038624 -39.34794543904422
36.843849434940736 -5.404426447552572 9.884336160955831
45.05841852673761 -16.13644900508954 44.48242896095585
59.33148981580011 35.416667897821604 26.836860960955832
43.774391427128236 49.38527024502478 9.813557280955825
34.00658660011931 20.98170226395337 -34.357144981901364
79.00693537244074 -10.383551290600602 65.54312473238441
60.107399239628236 48.38379689238545 51.44399056095584
73.85731204654789 -19.957933825202613 22.109140732384407
45.625587716190736 37.77078058389588 -13.243973599044224
67.12567926892511 -31.05124857832533 5.04614096095581
53.17118969721753 29.099396285625442 49.50318873238442
19.548317208378233 0.3130759656974277 22.589800480955837
85.93878526083358 -48.65878517625972 55.28486827524154
62.81736017712823 4.748172241671625 -33.865312905710894
77.65718648851217 16.94793853745988 -22.08833766761565
14.38334790034252 27.718886636254336 -34.98301378190137
88.97550226697199 -1.1013425680626696 75.08610256095585
54.21979547986261 54.61699305150753 -46.59213103904422
32.94599176892511 -21.88191463532883 -0.4957470390442076
41.59718021061038 18.00143647984671 39.35821593238443
54.09391047009699 -11.474828994589783 -4.215734239044219
67.58054377087824 -15.481589481642908 60.787458080955844
78.50034357556574 13.47529717181439 73.85184122762253
42.27140070447199 59.74827949722777 -30.212773172377563
92.00437189587824 -26.388544722205836 22.380085280955836
40.84088922986261 5.258663528568945 -17.715331039044226
62.930275216190736 25.961198711213875 -7.211548639044217
43.395101527574674 35.6099020883123 -73.62818863904421
54.93975601046157 6.3370899202097775 41.89484922762252
54.70197321423761 70.71210050463965 24.555388960955845
85.49558283337824 3.098992746675941 9.549447200955836
36.98728205212824 22.19313199664511 22.391413646670127
59.95437538360144 -20.949188061998694 -20.87428326761565
9.295631661503235 -9.233436252968424 6.682902560955824
26.971412911503233 -18.012585772858678 28.514582560955844
74.61850763806574 -12.823132945545769 52.049543200955824
47.017392729211565 -26.020037211494387 8.929695094289164
30.052671049524065 42.32293218680194 38.533398560955845
72.09775568494074 10.028668101042655 15.339388960955837
19.631325020878233 24.7464245406098 -19.22544431904422
57.75296808728449 66.99992925703175 -5.736715572377541
66.12607599744074 37.76297689543376 -26.861699039044233
32.837763357931806 47.25226206537736 -46.9938901247585
84.3943051641074 -39.122044772070254 1.5430597165113622
51.28858210095636 75.76498878386538 -63.35705903904421
21.733375802128233 -2.727761305043816 -11.11733039904422
54.504753365604806 19.890579395052725 10.564681760955832
49.426246895878236 59.54307139322373 -15.047196639044216
38.767067208378236 37.31816665309263 -61.528932319044216
63.090873971073556 4.624071918211449 47.47619536095584
55.06513239392511 48.5691344933609 26.58290896095584
37.41529108533136 64.4301312926293 -77.0868510390442
88.2212094609824 -20.14992933498505 75.15709989428919
39.78345514783136 37.26028929699855 -2.5847070390442113
34.527565255253236 -11.535524349295201 25.27874256095585
66.51761652478449 -27.18517125271439 -9.197289439044223
59.813209786503236 34.37877733235902 44.43950288095584
18.247200265018858 5.479768034995814 11.833212960955834
25.715105945357397 42.572216679342034 -41.01638277237756
77.54331232556574 -47.312834718649455 12.261326880955824
77.81369806775324 -24.15473889992265 -29.64861743904423
53.79178644665949 2.2264247664109718 2.6344161609558134
71.20969416150324 -37.32671471661725 37.320982560955855
8.336769356815735 22.55358808275277 -10.09169199904422
64.07977065889906 49.606374751451625 24.20832122762251
53.195167794315736 32.620346198893586 -54.62029103904423
46.5464047734824 59.62977904280288 -37.630356105710895
91.92553481905531 -24.00047154004638 9.388447094289157
81.8643979375449 15.963806714736364 33.42377509428918
49.18592096814386 -10.033314320336196 16.81804496095583
64.78574396619074 -49.29887343226019 41.98277669428918
73.26657892712822 45.413192817803306 -30.468145119044227
34.355140938846986 50.12011757520817 -13.743849439044226
41.63320185193293 16.17082122810662 -33.06386223904423
76.53424860486261 8.705292599340666 -5.8615070390442305
92.39499689587824 -32.816833092881026 60.15618256095584
30.54273249158136 26.01647483782058 14.499708960955829
39.312721505253236 7.284370991862126 37.04982736095585
50.247169747440736 -37.52440815765774 25.055264800955833
44.738746895878236 70.95596576908105 0.10800336095581287
63.50977011636436 35.24903310863522 63.414140960955855
5.894956205774068 4.053065917545344 -18.877229705710878
62.898231759159486 11.095172190866364 -25.76560943904422
77.36508966931574 1.771003159335653 27.206905303812977
39.419533028690736 -20.644162937586277 -10.20900143904423
61.99033380994074 -12.46639290156293 7.810589875241541
57.974220528690736 -18.753936176760526 36.60827856095584
18.500496163456358 36.9709025165281 19.85727696095583
53.640724434940736 48.70244750458886 -4.679401439044224
35.018898263065736 51.71337063622529 -61.06559279904421
84.38311538546156 -23.384124664287825 -17.563232905710887
30.936663562544897 13.950744117006801 0.6120844276224867
47.240171049524065 -24.0084197412578 33.01745189428919
61.949440255253236 37.068448622304665 -8.834711519044228
23.87998224744073 39.2423332653251 -52.98575298190136
76.07012710421156 -44.076905236355095 -3.3091529057108837
72.71370213676366 12.638568353375462 63.122505760955846
74.77160415499283 -41.969909351581435 65.07657082762252
47.169641535635186 16.12228902980051 -20.73517530571089
74.25962091931574 -19.836047643508476 -1.6303390390442076
52.837501778690736 21.187942601880962 27.87069136095584
25.629075439405018 -9.978502698995085 -14.410327153329934
46.816315797787965 59.689029270015325 39.09555180540029
82.51187922009699 -53.266290323316774 67.81324496095584
88.57663752087824 -11.90489893650243 46.72015568095584
47.21906305798761 53.62202277258663 -28.274819039044228
54.940773263065736 5.450504203262852 -20.31792943904422
40.054909005253236 47.260065753839484 -58.06863151904422
88.86045099744072 -41.01395751497116 -9.255780319044224
36.99567438611261 2.104672775126893 15.892348960955836
68.60715509900324 -44.219972858160716 25.869877280955837
68.22202326306574 18.443645492700455 18.594070560955828
30.61597467908136 52.45363719450741 -2.764931039044207
49.5188168828574 25.172159100043483 -38.36217477237757
64.06247736462824 -7.139446515631637 60.58844709428917
82.97116877087824 -15.02117186237755 -3.865116639044217
32.92742690889907 38.17397115443899 -8.614292105710897
54.943825020878236 -31.675543655295296 13.629718560955837
54.2276791875449 -9.82738365258568 -45.48156890571088
79.55014826306574 6.855168126445278 76.34767056095586
25.433937325565733 31.839110276185345 29.45600720095584
68.74463678845636 2.2607465443693897 -12.873859039044223
43.8150815312949 12.53885455635941 -60.18893957237754
57.904411568729806 -42.17313040528259 50.78904016095585
28.687518054732397 20.64168440953223 7.941193760955817
63.47392407221753 59.21915638801014 -26.274215610472794
78.17609430798761 -20.464244564709514 13.311868960955827
