72.61646799510932 -31.145977509849672 31.496495439032117 63
54.313688350212544 79.79703640325968 -60.889415896559555 4
50.93155896497043 41.32197904774577 -35.00882593028922 58
82.38625632351949 -3.075723740590618 38.41648747140161 75
50.36013408690862 -18.24859364322832 -4.259012621209038 88
48.90583135246689 32.25111029731357 -3.582517559863632 108
57.849386948524526 45.8476833082737 66.6197907375626 11
40.08763747790638 -12.198396596679984 33.302112671505995 107
60.619485754765535 73.31304616786954 -11.37995870542926 4
54.488663094402256 -0.30380576142846394 -41.02090163294862 43
79.066720699172 -48.580694397180736 -2.7157764875356634 12
92.2753678704688 -21.782904529156426 49.84233021763944 41
40.7094784741462 60.10753878440602 19.437187562704423 37
69.73751647862153 17.455201293009992 -17.155134360682425 112
53.5039779011697 42.07245603923914 24.388088138773327 55
34.29336879901727 -5.857431732446813 -1.5896393879988437 103
82.55683914104442 -39.469047319209395 -12.582100082365443 12
63.3719881597699 57.17041392260825 -2.16805873066572 11
60.00733560478027 -44.12672774578337 47.113717225414604 40
74.40113736910162 -15.672106647443357 -37.38250289051942 9
80.33262042795947 19.095392046132503 27.28885411750008 67
56.27656553170416 -4.8626035413238355 6.9389567980333595 83
32.95322270175118 25.14918336286496 -45.21450547963528 79
38.859225071777395 -14.722998901358011 -16.927473643743525 87
55.931064912763794 -45.907044360575796 49.396064615482715 27
13.60301524182885 11.031270289506523 -6.754984530841483 156
47.54464811299234 73.13332723378309 -2.582715692418944 14
67.64033229849137 -19.249744536522925 18.554628613245512 98
41.727870286964155 1.975309749575075 -28.928031374221888 110
76.84221688917269 -63.124795182137646 41.65191441461269 5
25.909338436775332 18.91872861278975 3.6931074082069415 136
69.71136558789247 21.407141365018873 48.634680172849784 49
52.6924084172718 54.30688322537085 -35.08279102493836 32
75.82414809505731 -1.8591750598592682 -24.093071493066134 72
35.340670439625995 9.120516453603784 38.30837708521514 83
64.67651671257582 -15.095222199168134 -50.53419732309996 3
88.37446176645048 -53.87487800344198 18.003672061717822 17
85.99430587940515 -32.862412527762984 76.28199285469515 8
39.435611594502944 56.158792209521806 -26.743995663648306 46
51.153752453937805 -45.69850469646562 27.003518071563605 30
57.23209026469238 41.087302622987465 -17.577281884089587 63
19.544965746976178 44.22863742827377 -54.77694416186904 84
44.56960095958723 -13.571980527429233 18.438389985730424 106
75.04707894171266 27.79568067424887 -34.01496973049781 38
61.33514482645784 -5.198661847152692 36.91688793255278 93
59.167681292735985 43.32599837598329 24.05228821304641 53
22.687353186096544 26.144672200245907 -18.936080724732378 147
75.8424851903988 8.893889420821182 -4.126636047104313 126
48.66009387384843 17.533363351649427 -51.55764673448007 45
29.6318489490809 46.46625735564746 -81.21327344384207 23
62.8413500657485 -17.483214748661936 58.364469486807735 28
59.65088801621678 89.35145028957598 -53.79396485345552 2
83.95110716710619 14.232182595991816 21.014748135832292 87
29.80799498043233 28.63020731936183 25.910726434599695 112
40.94256418141838 67.67000624396525 -69.07405830933698 16
7.65470650559485 0.9179002590083485 3.435079286510984 118
78.03407692822032 13.95366279778412 50.76277087910441 38
42.74808617415819 34.34851789838373 -2.9659275652199426 107
87.78698388444262 -7.951359930521832 -7.281847197831667 88
16.941764623459974 -16.865005744387176 21.04249620789247 118
58.56428177798445 9.132670831519505 -25.838246808036573 117
46.705484762593905 47.939629068275025 -11.924329403872363 58
63.78715202705808 33.82207127505396 12.227501600683553 70
61.41047752385693 56.173396810740485 63.67518742702762 6
30.43933593817776 15.481820207114737 -16.170446447411408 129
69.23599225477695 -0.5508809450335121 43.32695223007639 65
73.96527397005859 -30.17629332176233 -1.646408418014076 44
54.11720802117528 1.6105262555202557 20.79680672745215 98
25.60318179603851 39.879731321292155 -34.18736574479456 117
91.3297683574784 -20.354897641115897 73.53022365761183 18
56.63139851893795 -33.397920089952294 43.31156979957066 54
39.30237061252527 21.822720948306056 38.8327336528115 75
36.053370906591454 45.52039311802585 -39.913219725219136 63
22.32057257218841 -5.85163254858756 3.6143780947795108 121
52.70275606985668 31.3612868411862 -46.2862615965271 49
72.25321851275436 -20.320914258986605 -9.264862300137665 62
85.9107117185389 -60.88254384973041 48.92774888332306 9
35.53814342161156 23.636487759762048 20.324031886412058 102
68.20111112277097 44.6387588184906 31.601851081055543 16
56.14939562520848 69.83429479718609 -56.4865940850689 9
82.37643550398019 9.362076178197071 13.057522738387831 112
19.2249885678218 13.744806140871617 -36.185849427670576 134
80.38040289900862 -14.348501361849202 36.707426357854075 78
59.605265630284435 21.927945892737995 -1.9075154761287791 125
45.84192009644797 78.38879885911027 -83.87303643475997 3
41.556526033856095 -3.0008266458116992 -13.646085434832358 113
55.97682386609745 12.128291108424605 58.2531645937554 32
91.27516079708238 -39.306878829979325 14.106959377031956 41
45.14324756237792 -23.659651717362934 30.46143004023412 100
52.939336004146696 61.24049145595893 -8.065899615068545 23
64.54238436430929 -47.364480275060714 46.63133013473143 27
60.63166459091954 -16.51724824348983 -38.73461211069505 21
66.41549458598077 -10.422063517726698 -22.70567628929966 68
42.394640498807185 28.588473069697415 -71.37778595411288 22
26.394636211606702 -16.620128056519818 -2.0677703952601547 94
82.31846335801727 23.05698960519493 -5.068005799441508 88
44.35093600842242 59.96101414528684 -52.78992746019979 32
61.52271494430218 19.17522977063763 -26.785058872144333 97
84.18935995448834 -9.19981542974223 27.662607713380083 101
56.409217799172076 -28.25701515499273 11.16131145913451 79
29.33565875507943 3.282505263637603 -39.24039169115474 92
48.988049891584865 13.570064962417405 -28.367301032233797 112
26.264873534460122 43.21195068376409 28.65998606437833 100
61.57650082249037 32.25472721262162 29.26403745088885 64
89.0233557087477 -31.069250561884118 67.0924395254359 15
36.01184538554821 49.95785775891852 4.053271439099433 68
34.055045104826206 -10.383355945304586 10.9332181229384 113
64.96017816568505 -2.3068430432715132 44.98125233391852 62
39.40772658068959 40.67554191149233 -83.40072054925568 10
87.18471138483295 -21.82315625490898 -16.12477075140235 35
67.37618191342183 47.89894998992699 7.961257351384745 20
61.80319359695934 9.902089800963665 -10.572566472496845 122
34.760424061924795 23.07732076602963 -64.57637709580041 39
41.71840911639671 -30.914786391568867 18.954856891606738 88
53.69170303588899 -23.782460457555985 27.018186809401044 91
48.20758790509727 27.756683559608717 45.92712532574069 57
17.820827135701865 5.036447304563524 -17.48554702771179 155
62.83228244084091 -41.05144380072295 -0.7268967152562169 16
81.11644915116159 -42.689271456051785 31.577151158070336 30
30.86254876967746 40.69751455826486 -10.181929639910194 106
42.29958314032382 66.43908523013633 39.95453122878624 18
69.66482992608613 26.548562728770776 59.26518054190868 25
51.233359057185055 51.923854731236986 -56.11602194484894 26
77.13571489125457 -10.321260989082603 11.452547053698169 114
15.0255789331774 24.39355712594775 -33.30975450410881 149
36.285783782573375 -2.5766592116733165 30.371953733577556 107
67.88246585108853 2.789234698645487 -33.815739416691315 51
81.77841436463117 -38.46007221514182 48.958335565576846 23
32.35284609383475 45.95148627153466 17.120595772678485 80
51.009404864805575 32.837262800487366 -18.500808597433263 98
63.91387594248841 50.93094074830239 28.92946262833277 18
45.83165197665881 11.379968205929856 0.45293166440376353 111
84.62670701339329 -52.26273478122724 78.79184797613044 3
59.856264696994685 65.84269245098378 -1.3585486945845417 10
24.67130717654297 17.645644112904165 16.4259226942832 129
72.25396946956359 -4.515024036974623 10.013285786559635 111
48.396042103967034 34.889749287354505 -38.7984254679229 64
47.49753687556079 69.15984499349753 33.46620233608826 13
68.74099858182717 -32.074764303256 43.833077300103724 50
58.86723271317823 83.83404559590142 -42.8951051656982 4
38.87111025391305 45.955144950578955 -69.52613492069906 23
79.50030972849694 1.1481663377394398 62.30872372393699 28
57.70560942279423 -18.511512135707818 18.698813858802765 97
33.715907063466936 8.856240942590176 -33.18990197535501 106
88.03979073688927 -62.88885557460465 37.72761827874649 9
38.427978277259086 22.012588206528704 10.513142816289474 119
53.165323717604174 35.184975084396 49.78368648645804 43
66.70037912909488 62.12872432010201 -33.487518547508316 6
47.391830365299484 -12.087909008000267 41.22647582236476 88
51.620119009032535 72.47481249895392 10.583889366672423 14
59.33295234659236 -4.919584480503161 -52.19241450076329 14
86.07773359627183 -45.23719601042036 17.910163348546007 23
49.0411164217261 63.76095111404055 -17.11289284515334 25
68.82369142595255 18.52326404964296 -5.5455859369034215 122
57.86187351971848 46.521063454022794 45.536305591996495 31
26.554811252274984 7.368454049785328 20.444243031185778 114
73.45002421223288 16.138501462483987 28.13987738073189 80
80.89413835361208 -39.857846413723564 9.61451948136937 38
53.447321123475355 -14.928473864744078 -2.5805886795712922 82
27.566349804491086 24.721562059068162 -51.492745776717925 80
41.37982753648761 56.73345852548272 -79.225786462484 10
44.25247943865723 -14.252724076400042 -8.12028115856863 87
61.954399682279835 -40.107876279425895 58.852861512905235 20
43.328760748049575 41.92275390171355 29.069284972035092 72
21.73445275904891 8.683625314565688 10.390209117828618 118
51.66880209822212 22.061747993808297 -41.158331767989594 68
90.59603669203359 -12.03068025163033 44.823206566385124 66
73.37411479813258 -34.134119891074334 -16.465867486431577 21
83.78582910255338 -64.75106203594768 59.88062322399 6
31.205180804994388 19.390898332339134 3.321131512564591 118
82.39910767712779 2.552677015753119 -12.315761872054054 107
23.90618679488957 32.87872387271494 -62.181769285522606 66
70.57263251590504 -5.383217320948901 -30.339707272866903 51
77.00383910543287 -28.92838598575443 29.952698467696166 72
59.01427880057576 44.448498774483824 9.403508912087801 55
43.43670421163211 -7.292434621164105 -19.836638567380163 100
51.877617169421164 -8.102169362256035 41.72145476485184 80
88.85458470829595 -23.866378162648402 -0.26448806601810304 69
53.32778611569117 40.63838654595307 -26.652267025572513 69
16.08067955309135 24.235691209042415 -10.26776831401952 152
64.02470180575118 8.693281828551932 19.914438794036784 107
40.284504481288934 18.09453366128676 -35.08682728893636 101
29.37465030343504 -23.808217299855542 16.422006322342668 99
58.1110085223839 -39.205093227498054 2.161885722852901 24
67.54677431268037 -12.3834148778583 49.75802774405139 46
75.27466077363817 23.14409343265561 -19.22512587160226 87
35.25268816579031 23.926692968070824 43.2358700690192 57
47.08543863542879 50.881490110754214 -40.25868827451731 46
3.3256896446072735 -2.779827652983812 -2.7246783548242917 117
84.47079860042146 6.368254909368176 69.35356611129603 17
46.004947937162804 39.37861662734747 19.73414008123285 72
56.5337728305087 19.812155190192897 29.704275407906636 86
94.83998319499246 -15.71570395770621 10.062236658716245 116
89.91847744499525 -35.022157945064095 36.43672877031281 47
38.897554920397994 43.61977684448112 2.646814227414268 82
72.38939276783945 25.753908568417387 -8.799618003555352 103
52.01470652641169 53.49332654937945 44.19053355681868 28
37.10935801295673 4.53502067158044 -7.64289607960302 134
68.23733662391682 -11.41330995234972 63.16753097315609 21
83.74714648690232 -23.304033359866594 22.387221885747152 91
20.006877932651694 8.221899082214208 -27.30578312241626 149
26.34705165416282 -19.00999026087318 29.332404873950082 107
64.02577129107456 65.22449195835966 -13.04161345668166 6
13.30238384399519 15.573272419795586 8.050892498314624 146
58.74406761666299 -0.6424471439649295 -17.07353319381447 107
33.9799636815522 38.186536571317845 -75.52274201799916 23
95.78282713617791 -13.270571561357258 87.95304604298536 12
26.106314717910983 46.652550385592065 -58.915292889903114 54
14.121242016607383 -11.623703292538195 16.032511226701303 125
60.38123568253724 28.052356866873424 -35.79322469537854 67
96.56377310868073 -3.864868577342037 25.04756231819721 100
65.1602168339794 -21.578306044612418 5.595532101519211 84
39.72398349854878 8.533399284784053 -44.54543720474645 71
75.98755944087571 -60.85866002919151 70.7924833710658 3
27.730243765959724 26.645843329187187 -15.892572807824905 136
40.977243130900085 55.22403944221034 33.63656815091511 45
57.29171504820828 69.73053086726225 -39.300853601404 13
80.52965266161972 9.259327954331923 -2.216286730523251 120
17.28149295588484 22.81574905924458 -46.10442309942617 124
84.32226236870875 -23.97908736685683 61.532637500647155 23
53.08025587688719 19.25310006360536 16.76592191368428 110
66.20524672577992 46.70404397976151 70.27998926734125 4
90.93833935640832 -13.472411876537507 83.1140174594207 12
45.18834660683878 5.177379582886999 9.446549776957568 90
60.476133137682055 4.807822316249769 47.87642498848862 54
41.20368864244499 -20.871818286444295 37.95653466971814 99
57.34773765112801 57.30779470259256 7.407223364924164 22
70.97748774708525 -45.6831556253924 60.369259420847044 15
19.769100093610025 32.840271770987385 -6.716940769788735 141
71.60072149274362 -8.019076212476875 -16.30142068626644 84
45.503583185329205 24.75298819084759 -61.89500130062795 30
35.42676491798253 -25.117174917555488 14.250028396864423 104
65.5483927853674 -40.90141711344971 37.20459104981944 41
43.092590684087156 65.75859919124576 -25.464214130528916 28
9.462114013273846 6.9482402316666025 -17.638404158667356 165
74.97981959137374 -6.94936386995218 40.78991044742949 77
61.12046314838362 -25.063826404060336 -4.073748735607552 61
42.74335658687213 19.546865790590118 -7.473819948131833 120
33.419364085674935 50.255076726412454 40.2719104890225 48
54.10173483774769 24.581618620919244 60.20823698304045 26
62.601337441077874 47.62921715824518 -52.619306451306855 16
89.94960268077125 -7.486542998401575 18.16694524263383 114
11.287082786079846 34.07175138033051 -29.438356962316362 128
49.53200111667891 9.170640779788755 22.768539883695638 100
57.181166064645325 -12.197078101907707 -40.08173761925441 27
45.56654507377732 50.69106722188073 17.75455748522677 53
62.625045143601895 35.472540689357544 -20.624993308925056 73
61.21117552938236 62.078662030142056 26.35017037403233 6
29.94820972442927 -14.400837304210825 -8.470910262435964 101
71.94986721916278 -0.589831314581275 69.59159868591144 11
77.32559996293219 -22.392079387034485 -8.66080131928257 62
68.807318092008 -28.96665252155809 -25.999058050490845 17
52.23667044537335 7.440831856361086 8.141634704339424 94
25.316808856960055 16.433281915418917 -38.9858029653318 119
58.739945457282246 -21.755473139811627 43.20898543646476 68
36.74080968612215 58.79188548158885 -69.42429946276255 22
22.91218552126826 2.0743724196999267 -14.335337793416144 146
55.7644925982465 42.828840990931354 -61.012638798938156 15
69.13158534759964 -36.330540787234696 17.322290960554966 59
45.271092451543666 -11.137644289560484 -35.653835254977025 40
74.46030929724724 29.138695202868462 76.72182189794236 6
83.03974208254044 -51.30460184265232 42.28416348341537 12
34.23366841523143 35.09159553856878 6.1046089403600945 101
45.84872305150807 63.58131807737274 56.39009288187614 18
65.15821448749092 12.693924970716722 42.879731014553556 62
57.467968969153894 45.33150854665263 -37.110395610663986 51
84.20259742103589 -13.94767530455691 -19.10576908789818 38
80.66110677571749 -42.05794877035321 77.08106532607968 4
28.916880245472647 47.21073092365637 -22.50427951582232 101
59.14881653807926 32.886597723282904 -10.797531462331094 92
40.50993350549713 11.505106362698768 15.23577979589271 105
55.435383410814445 -7.800713707142904 32.18880066298527 94
93.74257748738252 -27.794174964409535 10.663415366074872 85
46.43071672539353 -24.064266077172448 48.27350960851365 47
52.32683618935771 58.12409350294118 18.54171241437126 31
16.485614448214303 16.959934986368438 -17.97358437194734 154
66.55862463687971 3.3019826749403194 -2.162517046465922 123
40.03637766645088 40.045927596489975 -49.04437950934498 54
73.73361746487795 -27.462575304026615 55.58307101258845 28
54.56029063450367 84.2926388868523 -52.868238460877365 5
32.86807151542727 23.748626563947113 34.86535717424567 92
44.76364327239339 50.90842312971617 -58.013157598786336 30
64.40513795077824 23.82464624941582 -39.82073561228613 50
89.11210121438509 -3.808307369232253 55.44845290889779 38
53.44505512969344 -19.70593729499329 -19.284051214032033 58
46.65762872658228 23.955923123797447 0.6047596090104435 123
58.02650279128291 71.7538052572531 5.947745280436095 5
50.36566898630096 1.2706508464193575 -28.096203562345806 96
88.8248278635595 -18.532982377047503 24.801632417315744 100
73.12394392248788 21.102240692011293 3.5038100155480834 115
54.29051474602192 47.91976963768056 55.0251812344099 25
31.74356194480555 -1.7562296750532624 -26.705366597511272 107
61.13823640002142 8.969660546523613 38.685468621828676 77
84.90880537364973 -41.36353954551015 -2.0122548645193064 21
66.91883660224386 54.44183283103905 -18.999740862350833 15
61.189385803166886 -50.897151688432686 34.12779784526708 28
77.984667722776 22.242809090931274 65.91133326021944 14
64.16667546329556 -5.653908360468648 19.93074335998506 105
38.610789801618445 30.822883602005646 -27.365390484047865 102
42.174337536078596 -20.68887191382325 8.289583444690237 100
51.83161794863346 -31.02538903922678 46.33813412184384 60
47.48503868214625 39.75426384117145 45.96115471060935 51
17.000996777516793 5.8287497080343655 2.4044466157817794 132
58.32499798475882 18.495516564745515 -48.78247788948153 40
95.20513733139018 -13.970389523780284 70.96917942361344 22
64.30727548838632 -32.80763356657506 -13.372564892628745 21
80.16009075985284 -61.50960404583098 49.8044425140144 6
30.14142228148735 19.707604697045014 16.935517108350325 116
70.3665762347734 28.2934096748601 26.989302044218874 66
49.823538755813345 63.55403498806669 -59.79185974565179 16
77.2067858429011 -3.019429671997912 6.020775425654961 110
15.226864124626454 34.5401096349907 -42.67377124328527 124
85.35730477274826 -36.47041104040929 41.776734805601876 27
36.12718671374279 51.19979757585028 15.134583033815375 61
51.24667583043955 30.441353194400676 6.619765603716246 108
20.374053862228347 44.057861218163424 -68.00363307643866 57
49.124118663906 -7.542031024091443 -16.158515460168402 97
94.62164252697598 -15.138556643588245 20.50254144887373 106
39.4587220521144 -39.33854605381315 30.60872751117975 51
60.38931847180349 45.254651000422854 -10.347196473140514 57
73.3358586687656 -56.20097448245353 42.171300262381294 18
24.104500869595064 32.026788860443844 9.334163505942229 127
72.27769962989264 8.210630824193402 -26.14820585634459 85
46.35316869840864 17.857078172816728 -68.90854157039863 14
55.48271431496177 -43.57284148760034 18.341681010160187 29
80.03995214972963 15.885946188095659 -14.22151915218737 106
38.4255906878555 51.56330116806643 -53.823614881102785 40
71.25178772161051 39.39253012411177 -34.27954594916652 42
78.4639045328456 8.791185003436453 35.0463417490424 76
59.49827698770412 -32.323538598137446 17.05331734829562 76
35.33280360939196 -2.9643829615949073 -35.72284754092112 78
90.5321159439805 -42.7459633918628 67.96769330239923 11
41.60300814443188 41.54359618681349 -21.487089116954905 77
56.9806864968754 19.902370861974134 46.29224575307654 59
68.96673233926475 50.47706901115379 -43.09498173960762 18
93.84210397090511 -6.512641880851305 -2.359920220699422 109
20.90741132383754 52.670085832970074 -80.75626377219706 30
50.70937502917956 78.56575865232941 -18.897368717336974 7
58.91677698772679 7.225405079129331 -63.24012128200013 4
49.21512541119899 44.84261135006693 2.013179517694766 74
65.80140023680136 24.464044508679223 21.502291920337143 91
84.34734756498347 4.3318468778495 81.6251885388501 7
21.839359409477243 38.58912862664016 29.705908070394344 104
26.65176267185278 7.144619059650466 7.043742987229422 109
72.77687153917383 -14.948957771039716 51.36370093912353 46
81.5127407604915 -25.380256172022925 -19.195683408697008 27
31.859020943601163 -13.344514327372508 36.60132647579741 91
54.07712982959033 -5.560101053854467 -8.633162384939155 87
29.39138636376931 37.085329041687515 -55.29967656609408 60
47.096007093702156 -39.07920979816723 24.30899113030719 49
79.1883403655007 -9.600374898659737 -31.346172661933934 20
60.312584930983036 -27.39146114833666 30.897597623667508 89
43.252866866786995 17.587361633024585 46.679418223378946 54
31.0784662720167 45.05691961941855 -34.17885762771658 82
17.71156677099859 -7.863152810190826 -16.91718534320478 93
51.61228358746731 36.940154640936385 -68.13450242441911 13
87.05025721828818 1.4385705632466 43.972122245479824 60
73.081336499786 -16.51196077378242 6.337139933322504 96
47.97767109923686 2.761883506499089 -52.20538102834166 24
84.40100510232172 -60.35721417468308 26.622200963460642 7
33.27035544864658 23.899268346773425 -8.480724084498192 126
44.77878403057961 47.288558336376724 40.43827780804878 51
64.80326872301892 36.44041832949955 58.14869481537173 26
60.115089884997985 60.79041278082897 -50.31211475801777 14
86.56825611410943 3.78061891228694 19.39641207480554 111
25.132413835206673 13.99660078911748 -23.57852249133711 142
27.844221350164105 -6.212524981084513 24.598489795546925 114
70.44921623854725 -4.914850098286649 -42.69460926567051 8
75.0349670252326 -21.366939081872246 44.87268232516226 49
57.06947382429001 18.38558586467829 -15.285955540315314 113
39.26293006150306 9.30376599200369 6.324467281664283 98
91.21995242404051 -33.456818237370584 -12.920170456465812 22
57.18415052321628 52.57185330806786 -0.4553585473313859 31
68.80503048980796 -47.45655955514039 47.71895783200907 26
19.27878153154297 39.18902603694576 17.311640504889567 112
57.13540880596116 -20.033635554729415 -28.61930163096109 35
62.177237233813784 -13.60611554841266 9.232850061697604 92
38.05600427678886 30.949371188190355 -41.86947827280204 74
34.37343021551976 54.49870212098685 -101.57103758993891 5
72.49775859584598 -43.37200041406521 35.734933398978455 38
52.34132080897557 73.3183429023187 -44.97953468415811 10
76.82466898054071 30.95354459949226 -6.219535495015435 76
47.55031601136039 64.9421462103926 -76.97880505166566 6
6.297425768607287 11.798193185084841 -5.934233222048718 155
81.60926236657173 -6.174001269550956 55.88174680652807 38
51.439365335691036 -35.65808574836393 18.404449067949116 63
47.30064126375651 18.245927967451337 14.161061643645326 104
60.18627807769176 26.383248827841072 59.73453593220597 34
70.44024344284398 51.864859469670876 -31.475719459340112 20
41.03444062911152 5.460772397487034 40.00956305454534 91
80.26344001018451 -51.00640149858296 19.95835651842563 17
93.83179555373721 -24.33795425387244 70.06293840589154 21
42.486893477211396 57.2478147392994 -15.730122948754527 40
68.57402772823174 40.65122003181406 -13.214252411092033 55
50.78851451179441 67.84521262653399 42.37676722126187 11
36.358410648824396 -14.948212133926276 23.05250215133782 116
66.72530599855807 -5.939927552872518 31.062849513771454 103
82.63300644854729 -23.017996569541808 9.518420944090082 82
65.00133163301321 48.44370047581344 18.283768468077056 24
11.598723024722624 27.66818873485778 -21.23428433339582 152
56.810326952956494 6.814271571264328 -1.6532103469157278 118
31.34272936491305 16.319376044610834 -57.280309793112124 54
44.405750388788825 44.18705167744028 -87.24547246948009 3
73.88377895978061 -41.41281052263844 10.153738590312258 37
47.156465958149326 24.197676497644977 26.58234561417723 95
17.911113763730228 -5.356931924759721 10.89377886881627 123
62.04291730907758 38.36163442893829 -40.5462957571354 41
76.74976756815616 -41.89747912565687 60.71629425140455 16
25.354989825824774 41.13819467748533 -2.4178636259294706 113
74.06755052446044 19.539773868722534 68.91616915679401 14
79.21219283144465 -12.244730657189166 -15.247074850768072 68
17.252325249043928 31.572325443368896 -64.33847783389052 82
63.81535407326133 10.99589029452352 -37.8392818746816 54
87.05458565952091 -34.16214397735774 26.20713503468727 55
36.824737891745166 51.097453563236996 -10.149300650411249 65
53.956967999216374 23.50492435550632 3.968639119576949 111
46.79622944190422 3.1100844732716553 -17.41302407812418 124
60.38190378024224 -9.237925892862364 45.483617736933724 66
57.43493207679343 62.117936184723334 -25.527101112678537 18
20.021254681506615 17.646225611429315 -13.162151286556039 147
74.48497084340727 1.9708539160410226 21.247800088763597 103
48.748233036127544 34.889264519025744 -27.086908992248894 79
64.55702614269985 -34.22885482279469 50.694357026207086 40
59.08535491952035 81.21427132650004 -30.671003923335334 4
41.83425875383934 50.453896127025416 -47.68910521841008 44
76.12873541243113 -2.6727883848995475 71.95017804634776 9
61.488258477420544 -19.193503319256436 -13.838216640035228 64
90.12756959393062 -57.30553875946076 50.16414689844805 10
41.94850083991541 29.55013587252725 20.324988353617897 95
50.33466011676391 42.76665270072277 45.402761215435305 49
10.237002785235868 19.10134028567893 -35.842758964541204 146
51.6933343621716 75.42702659824846 25.15066432966171 10
95.53641773897901 -22.58869956225334 40.99960748166106 83
45.42586269121599 67.23170735598345 9.871105104924624 26
66.08407527411768 19.266038265123257 1.417009747439323 119
62.80693904948459 47.86274802986705 50.00232950434676 22
31.995026518412335 3.5674717005337584 -10.846741830763264 140
70.30184274417269 12.014792353127575 62.66167204021261 25
76.0613719051418 -39.18539588961161 23.840788426125727 46
34.67134212021881 -29.278398315808957 25.930835313111345 94
55.41228924308964 -43.08188817374199 37.52632451919945 39
69.10570428236396 -15.981724111944118 -38.00241054666161 17
53.060593818269766 -12.530139508914402 -30.901529721294793 56
47.08918592183759 -27.12097850714359 -1.568932697722218 60
35.86760232587514 63.24380323527939 -54.82493845672772 26
21.849424470892078 10.936887250458312 25.91167321738115 106
53.82180163310878 18.322296526857002 -24.594554049714844 111
93.3370893161745 -9.957179051681209 31.55159275980887 99
70.33854007844027 -26.19902152679785 7.737864644630605 80
44.6600642667433 2.6268947948986465 -42.572300933276594 63
88.26649236931448 -66.8628788193044 71.33704086980703 4
36.51947731990875 16.09371729627233 -19.12855775522854 129
48.9395692036256 50.38764497683226 29.34332437210739 48
71.25469897607503 30.888466606957138 39.463408138025414 40
57.81574704049477 56.239830031961645 -39.9772528433723 28
81.12543527341846 -7.262904735683421 0.6204379715182426 101
19.19159517930463 32.02989164649847 -50.44444291768342 113
79.80173449620118 -26.882122644053254 57.85097879466582 24
56.81408704530304 30.547396598473284 16.946608336347936 84
14.521751810127782 42.061071135602646 -68.28796557614896 72
40.34220838646883 -8.829224665821243 6.101551939809781 103
55.055913505283705 -1.6364899714927361 46.23779358634724 64
91.73246525984004 -18.401630546978154 -12.322162875446594 57
43.321910305082554 -34.51404186701619 41.31549143307117 74
49.071716919848804 54.37274157938327 10.711219111347503 43
11.035848241429402 24.60823681902275 -1.7996678560045325 145
66.1400586160896 9.84308138756154 -11.240246039698803 122
41.28757193605105 18.501592007732455 -63.91852003131278 28
34.256448699664446 46.02873980545846 -89.9450745232112 12
73.78210116736994 -15.894427865687447 30.3035804320034 89
81.4444083825656 22.190965441608085 9.590539738076359 78
43.372082272511776 55.48500825416792 -35.05429618577698 43
83.6886595628176 9.143277342880253 33.89137030222699 75
53.320418386319126 -32.420855058270575 -2.4870603163268328 40
45.46206583402914 30.488974127041246 -15.118706552996827 107
62.05471371318955 14.652591650445402 55.082748686125484 36
41.37488701028585 1.1726543107219527 26.86255384299156 100
18.920968458744838 -15.61546377908627 11.751428959396861 123
52.7142526169953 12.049079162266935 -40.889014551129804 66
87.92667282413865 -40.23838066504922 56.22833424406355 17
36.47435031731538 46.54370529851616 27.66344160417262 73
72.25627364727352 32.18329578270294 -21.8548722512528 75
56.482920626444255 54.05108744878635 30.447989390898613 26
33.96635957940124 11.842960650089395 -5.34882394876233 126
89.66069833809334 -58.667619505939214 82.49887586214189 3
87.20671395023263 -34.31912810126563 -6.788356993821154 29
77.15504746780175 28.34619741056136 31.2845911688471 34
62.31239073258733 -0.938974356132178 6.628646900223401 87
34.05508532372173 39.28901388288415 -47.63005952339955 58
50.71207055014925 -22.71409874097276 39.004636517922364 87
30.960562744279287 47.52512713738042 -67.63454299655098 39
16.286340654357705 -5.4818101493243745 -5.353393902360537 116
57.11551784809538 31.09895067791726 -59.26463949731182 25
62.80894210983108 -23.02808483262565 22.889450619384405 92
37.98220060291916 6.73034280001508 -31.74872089976448 115
78.99821054936106 -55.37454515970775 37.606812139750986 15
29.469664279705903 27.887196818666467 12.014288369625547 126
71.20580704585898 34.628497783466855 51.47351754896712 25
52.522275123745935 65.24491278081058 -33.971741493102655 21
77.48349222002177 6.39580705818986 -18.751334824292016 105
38.00945316515367 -11.954887696846257 43.788276997504056 56
66.89022663766234 1.4555935995676634 -50.09101347120841 6
91.35700245588096 -42.682197491064 26.036991395429766 30
82.4889874253997 -13.367462858183828 69.28563059520349 18
51.08640904559317 21.438625499892282 -10.535832949348062 117
63.220434517030455 47.78679329326161 40.6107631842693 24
48.17116258511784 -3.1756528691586396 19.071665442118103 105
80.04982952269688 33.11619464842602 -28.54059673150377 41
59.636903876975836 4.835698343720452 24.948900169658515 100
60.60326544734325 54.31012252188344 19.782073839888255 21
23.01440265974271 38.67195172847798 -20.541918328928602 118
67.82344508060966 -9.973803651516732 7.172836327215634 100
43.318540920124555 25.636085728491764 -49.13952252623251 64
27.409373934471336 53.4237312447311 -78.89911718911146 27
34.79880352095536 -17.800093272542398 -11.736055494433614 78
68.01524237600262 -36.63948105364017 61.50432022858399 15
57.76742748075792 76.40096243334364 -51.56231522845401 6
27.153813610759403 33.8567377162351 34.80833055669197 93
39.15109531015927 60.77718320382775 -60.2714212210694 23
12.923078208684851 5.322223869695165 11.056676356398157 122
74.48099873386124 17.892056128690257 -38.344944293905414 23
79.37495130891558 -14.180300929230569 51.38826045778734 44
38.688947467914474 16.71036157086769 -4.662237513579157 126
62.21990099633163 -2.98110014212439 -29.512870409184742 76
48.77388473333528 55.50572209438502 -6.864252047674512 40
69.16062771996059 39.86951393242657 17.74391144380718 44
55.39536966336907 67.62696500081555 63.33540081073437 5
25.982859687993532 -13.092899410345723 -16.023677294599892 82
72.75626045416047 -0.468747683478 33.24980364609391 87
78.71985922740086 -18.830476825743688 3.8595590134692657 88
70.86488432514074 48.3567234081647 -18.97077545541768 24
45.55859931661216 70.10830059823007 -65.9120201754931 11
55.658113635602945 9.590600407859654 22.82502339746162 97
30.183786268106942 21.641528156421174 -29.48689748038467 129
92.00744372903318 -35.39551052663293 80.73023233887872 8
45.691969886265426 -34.45028531465513 9.59268169471784 42
60.79855589741775 -22.610680983880357 51.7776191252149 45
43.05825468418316 29.473640863896634 38.025954436172356 79
32.88479140407819 56.51542985289461 -43.854152404850694 37
20.859661667100564 -2.0815605840322036 -3.9402804555239754 125
51.488355166265286 38.589834402277035 -55.95100200964497 33
74.44835912944997 -42.77095758199275 -4.652330181020844 15
54.810462603125984 76.31569414958108 42.65244506051232 4
81.60885629337122 -51.0162736647749 53.93953725709895 8
33.17567308569721 31.947673789819646 22.819861828037006 100
63.15330781601667 17.241621964254165 30.61534324109698 80
85.65788928934867 -10.852364038699292 5.765854275404621 117
23.14284052493415 27.23299532554273 -41.176608789034404 117
76.91466833909341 -37.60150138624043 35.809036444602015 49
26.882626110899665 47.555428867155854 5.514370438832344 88
61.378888164575564 29.66974321242185 4.418363052435325 104
40.49210984939857 11.351365640567309 -14.20812733910742 132
51.231002905724985 -13.239700857135688 50.616896644233975 50
87.49981345545052 -28.176037824670388 13.540480493191723 69
49.094086455216704 -12.650389710337947 27.932323570383375 100
55.622072918564946 70.81915205087614 -17.586695127050177 11
17.26558302012183 21.103677685296987 1.0805394757077522 144
63.26348750493409 -3.082308112036344 -14.607521808092159 100
37.023594935815424 29.83449657898055 -71.31253994861031 24
74.01720063576809 36.696217056197696 -11.92127197985782 53
45.63226260321903 41.36246420909433 -51.34967715068774 46
65.63965919276306 30.35111722661435 -30.060084410506647 68
83.3878364587243 0.9769434041934915 27.854996255388443 100
52.921192565764485 -16.347316558536562 6.93416638710292 95
29.824557484854626 16.994375429179257 -41.22681238988994 102
48.78226862467125 23.786155954622984 -26.221114353774155 104
56.82697225595966 33.53981848757354 35.22606795799905 57
70.79306548140498 62.210018440964404 -39.18888864716335 8
95.45486886867769 4.656547980350467 1.0134353094947244 98
60.68831019678307 71.74049156054252 -25.63615856202972 5
77.65030879306926 -47.98321821295032 9.619234461505613 21
90.6942476757097 -18.705868403539597 60.425579979027816 25
41.883751500328934 66.72594590151306 0.1807146647246327 27
69.88594829588041 15.274407061655069 17.44836267254925 109
37.20819349801983 0.5843176515200526 15.665965248327268 104
66.87578099021403 10.773338179267569 53.904218151661155 42
81.54463741016936 -33.94207385650742 -27.28772874516268 8
62.85281425686389 52.12381491222058 6.937347876398007 20
58.028963022940516 -14.774305683703247 -13.312258512859572 80
32.5509907758719 31.847578985958222 -61.960244628054994 49
39.80968118722586 -20.100298725406745 21.58386388955313 108
54.75820024980496 -33.029571233897585 26.692386624557685 85
43.100263889607255 31.89285908998866 50.81294402891774 44
14.425282298878276 10.695295057901347 -27.72176422038973 150
67.36059695801009 -30.984394509437394 -2.565247375529694 44
29.161552958834235 14.358031221006428 -4.8175661999770085 133
39.31181998395769 42.46834158849498 45.693715357317956 51
53.22812388766942 62.00233423478764 -50.28539110892824 19
79.87762790943549 3.6805917728883912 22.23726389734938 108
17.797835496219264 40.564801715592324 -28.265063085218898 117
31.282968542352567 6.031516089656833 29.52016952964496 102
64.11562203104828 -6.191653826996259 -45.54638484118098 13
86.65673845043071 -25.15524256160822 49.48272150646525 34
54.26888366394928 30.50465277402904 -20.5743559575548 99
47.27256094981461 -11.02973430834146 4.194886893156649 94
88.91406134663039 -49.03721555647094 76.15370393164372 5
56.76369873724686 42.805141472626644 -3.517218520349971 60
20.311643505598635 24.051187440411155 19.23182435276391 135
71.88965867046464 8.370829518023186 6.487642622685769 115
46.23148154532114 17.21046410605325 -40.80894237544602 76
64.07271238770001 -19.990427047534254 39.92753275952782 73
85.19416826546164 21.63914765133461 1.2341169397539886 76
43.639968053152586 56.54523506301231 -69.38037351826722 19
74.73510205355176 9.036184610291599 60.5314447942778 27
59.77524160742317 -43.406544340670735 24.703333328564526 41
91.46506618771846 -46.697786490069404 42.08005253506417 18
41.30029819577221 34.00064414323552 8.226485603738126 104
50.892763177163125 20.058189458958452 52.30392687126357 46
65.54825871368757 46.38699052273833 -28.457195216817937 40
48.011014682604916 1.647216572648091 34.481406072197615 92
55.00824235523321 7.165827107368415 -52.77517567759122 23
47.03827387974852 51.422803857623535 -24.876195385415187 52
63.5277278696043 23.47780158334274 -12.090899977062406 109
60.54474414681004 58.478675481547214 41.39377946178686 12
30.315951841757126 7.404615077011101 17.01301284344305 114
70.0935531645446 -18.61919825528676 37.64756990358259 84
77.18460993383931 -26.235641441714563 13.62274404763076 88
5.799319422666265 21.622294964047683 -19.210769694972385 153
50.522353026252674 8.013767044899197 -6.078365226885083 127
24.49159666962073 37.261251699468005 -47.704195296819094 95
37.67890972762552 70.25835459957179 -83.55545853497698 8
59.90260070225739 -31.193845948748006 57.850080094468694 23
41.16713819503346 18.606425688708327 30.32816650111789 92
37.15282969208318 44.668685420833924 -62.174655077575906 37
26.174312349786245 -14.907651378356562 14.96452848870834 118
56.37376786139722 33.78254882531394 -40.780224679371784 53
69.99024363163622 -20.077776477698947 -23.547549060811534 36
86.58929080448485 -53.07140107099575 63.208756076509474 7
37.110222772106724 25.44413468540958 -2.3799238202156943 123
48.0312132768014 55.01761697797832 48.70517877244737 31
67.7118805719819 34.447372797462634 68.40383364103914 13
84.05031467950691 14.887552747172066 -10.22899647520832 111
74.29580415452098 5.157146472308057 -33.54558137382499 34
80.15961165429378 -20.385793825715595 25.48439141922651 92
57.46615959096224 19.706185454048693 9.688343233178585 110
36.68800304349185 -1.6893761444510602 -19.260196094585496 115
52.95933529016131 11.297193038146844 40.06593652959373 75
90.01506140843458 -39.741281346029766 2.119974689872265 28
51.95460721054883 54.18234943532616 -20.72953406463192 32
65.00647058199003 -40.117965180724354 25.36145775548198 49
70.15361652069846 -12.34862996734877 21.04778484193585 109
44.28472936626053 27.989771203440995 -28.440247763375396 97
81.70541621022697 -27.699461763766365 75.63868320943843 7
19.109761262844447 -7.388971865846202 24.13934988429287 109
73.05786268420371 -41.423452860306426 51.10497947885287 24
23.049042540384907 42.3472040094953 18.56234981373558 105
53.23264243752379 77.06470235057373 -28.343224347447986 7
79.5948624220229 33.840801084401875 -16.22468033013915 63
33.74118225576264 35.80946616536417 39.63886669360261 63
45.82552812206179 64.57021222376378 -39.277539894124374 27
64.64734936889002 17.89892600167829 -48.896256583878824 22
87.11825140929717 -6.700503763847081 76.15747847523627 19
55.170507380273584 -24.826471377824163 -8.329758093689833 59
42.944933565566664 21.2520369452549 15.6199425233863 107
76.05802861311382 -31.96589370455301 -28.81744269599261 10
59.709871221539146 24.816983628147284 29.75792450137598 75
90.87225573267061 -22.644631169051067 36.03692419843384 78
41.3547000742239 56.13480147104087 8.245393970310175 50
74.44923909027436 37.92295806636875 1.3492969130545305 43
56.277761888866706 63.462736485783125 46.46409766931558 11
32.54025181407261 -12.576272408910398 -15.467896102789112 92
64.4716366010704 2.0487898741423862 62.106286029125556 25
85.17699840494211 -13.983606384351319 17.865058795189128 113
24.122670981921157 6.907184426238729 -32.196374057761616 124
65.96902675161587 48.77348869660236 -8.024019475505483 26
8.647844495123831 23.78539069390561 11.934346233749949 137
62.98741235594173 5.255576201126274 -24.871138007238812 106
41.56896537154993 -26.897709219369403 -3.775245565103134 54
71.46885834391813 -49.3567344410946 22.642955927342967 30
58.14137353679637 37.34712135874358 -28.908708374299565 66
66.31894591691993 -30.891437135848165 14.137560349576404 72
40.55449293414232 -5.673069999342118 -39.75567433088237 53
80.60128486457715 -51.417382257907335 68.91442015436547 7
29.80975886587991 34.33952951373908 -24.530667190706126 123
68.68466126172788 14.873636834989554 32.48083701114106 76
52.521217721780324 44.46082690870193 -43.32498037122295 44
75.62383469919374 -9.909845852845763 -3.2324918868073667 89
82.56373694631434 -37.36799943102352 64.80710601170696 10
32.38597370578369 46.110733905787185 0.840297306638206 86
52.11611939748683 29.31606928333929 22.50173344164446 92
49.73532821885126 20.457761596146185 1.2437783788114132 116
57.23093929758241 -11.987740649468762 52.04417137818521 44
36.12775642489132 -21.011319868607615 36.94060407486879 91
60.818741105104344 66.32885947729972 10.0073650728921 3
20.688224783137237 20.138512370400974 3.866021284883402 140
70.11763552486781 0.23063773059146797 -14.1184926950028 99
47.76522240840691 41.1043534063767 -66.70461921779776 24
30.320926403801213 62.23824662262666 -95.93334010836864 10
67.72184087334976 -25.82082928340091 30.89912450396571 84
38.85907719892209 43.498504587772516 -33.30015341131801 65
78.39750254950175 -1.4664315503516008 40.77341768359247 78
57.70460600248428 -22.98461340603717 4.379037503104598 87
33.80317224433437 8.066650435789711 -46.74280623112007 68
76.23407785801129 40.79608457112198 -25.494882943444154 40
39.76047303239926 28.292659740529416 -14.986123876477592 124
36.77262219101793 57.437720593667024 40.35339296631565 36
53.21506419939654 38.28443986608016 59.19187587486343 29
65.32949918250426 62.86109383167991 -47.60540244386843 5
8.369466163596305 19.599366499105287 -27.42490103251697 157
44.563134763321614 -10.502694882049454 31.352108706936576 102
51.38328911464375 78.49521129495781 -7.1508641455608455 7
59.4790835994639 6.498024733615097 -39.63017362059415 50
85.57891905238812 -47.824867004657904 3.9976344477441046 16
48.62138914183794 64.99768706431195 20.044872198900038 26
65.77676650244553 18.569482846615273 -23.24665001505096 101
59.48588752282359 46.00031328921662 33.6618041683561 37
26.548394969953453 -1.1995069817572812 -3.857832228873093 124
74.87822377050567 10.461624736991183 73.15918758314021 10
78.0842683158896 -35.54617564417386 -11.933713674295802 28
71.42293361353042 49.95544148825624 -4.357305259583001 12
50.30904092680818 -48.35557903198591 42.19671182914905 26
66.17540565981199 -23.52108995424466 -35.653592493461346 12
52.58425185110889 -6.5322541351932415 10.744036879800632 92
28.651447370165613 31.23393373747348 -40.498043360771135 100
44.000979467688154 -18.464608076855328 -24.100252023192397 45
60.341509004814995 -35.19583829147187 40.25637712843394 60
31.326865237963663 58.465638442592336 -72.25576948927831 25
17.6698275450496 10.239262010315144 -8.181935881837845 156
49.48903863482983 14.566702423323648 -60.76608670551924 23
86.83489754093165 -13.615038261966845 60.20112984982612 33
72.1446194366551 -25.333591725655452 18.499695965101694 86
46.435321712397595 1.2860714770479262 -29.998785881749 99
35.19115317110171 17.363198622310364 9.176687099107653 115
49.612555902799066 47.44558803096467 55.5405465917666 32
65.39302497050717 28.41660346003536 49.486782403577365 39
61.517847294336605 59.03415646761573 -28.795336615161162 17
76.80204428659093 -30.271603692891162 70.10169156446298 10
63.9730904911432 33.79348198759362 -7.14243869647224 80
39.798307131713095 -9.03152471769927 18.336763097283296 105
51.88676847579329 -0.5072407269031203 32.31993464478518 97
89.778305638597 -19.187037012552537 12.3926215034993 103
55.30262622076435 49.51597530049119 16.193217563566947 44
17.87826740795587 31.153314357175276 -20.328958439415757 144
62.11741548971441 9.694130031559808 0.24816033012336902 115
38.12649393942863 17.77891541422207 -50.37316774073483 66
34.93886793160694 50.80659808575567 -78.09032609460131 19
71.15716678431441 -22.445604040679044 63.60801282764359 24
76.2212903723133 13.971767977094231 18.39072585654253 107
37.376602733878876 31.186946357919282 30.19479062364158 96
47.290294653473644 56.85685088256574 -64.17909856961015 18
67.11988762962136 41.47246431139024 -40.484014552465084 35
82.55936523244294 5.733316917822634 48.623969627928176 42
44.88565468029403 43.84504501110152 6.626611468468468 70
22.992678815072452 -20.081124584930734 22.78632512281419 115
54.70060138823103 6.36373562942444 -31.49677444238459 95
42.22507096709901 43.806548946507434 -6.908134229093847 79
68.64021213797882 27.512410124941653 10.32655568880864 93
52.22853515203732 59.053198774383844 57.5670959950354 10
84.97760884814257 -75.71289955078376 70.86215025103908 3
33.29733023422899 10.201771877328923 -17.72389655944764 130
64.9893093943091 -14.26036719840964 34.66416264700101 91
83.2323780655011 -31.289508172106622 -1.6503160321779689 40
10.917092870148176 20.578055216308485 -13.77753716135004 155
58.35574182169451 -2.5989915188358594 18.78204036146144 105
34.33212697644829 34.569611816628196 -33.302825934979154 89
95.4399857266256 -25.53026581415463 83.42557636698362 10
54.60961364808915 -24.685011068790985 54.52013721903887 29
47.09328401382324 16.571137715789177 40.29364301790227 77
27.922158328366436 49.404535793318075 -42.82028030362562 75
12.968391033220847 -7.338064090831637 5.293668460037338 134
60.69961987813792 34.23489200796456 -52.607126538576054 27
67.8303038896906 -18.862398957714845 -9.536416589491452 76
43.03476209737624 11.522095069833881 -57.15472917060556 37
75.04970730072382 -55.52252983444855 55.89206480715325 12
25.146339997481924 31.11673976256452 23.05063141941659 119
53.816031391914635 65.18973259008052 -65.87630601062209 4
77.47309744123476 8.617749827949638 8.110771706852688 118
89.78459030115124 -47.51329608927357 -11.523722976117057 12
85.31671707749382 -21.30291309273268 37.12132971463029 65
53.96763770002493 16.177786705731364 -3.5613956106093525 116
67.63806698728992 43.36668280968445 46.5430254605273 17
42.68114269431704 71.41880817584439 -81.6494052922045 3
45.69381057730123 -4.582876021161155 -6.438353502944352 93
39.426135441109395 -31.952893644473207 32.54455348228879 97
57.3961383925228 57.40360322706749 -12.18299691232707 23
69.51325886779159 -53.24648447782934 34.62843740333807 26
19.494912290275636 33.928220942600404 5.09779724830301 135
74.86971485202572 -13.324445941873705 -18.085002321389453 64
49.20670773303987 23.341943212053962 -72.94958341221607 11
31.32236404764385 -21.842779580501556 3.3124100511703887 90
85.20583685798653 26.415648668476422 -14.2140648301922 81
40.59196289173794 65.80125562911655 -48.48612456363607 23
69.75833513253734 20.838725475336332 -31.143983417185638 71
77.89103050672101 -6.091329655238667 29.52506577759172 100
61.21817334152739 -28.54811538014225 8.045527841025176 67
42.76115004969258 18.472062815404286 -22.559402725588512 116
32.57905477769831 39.14812552293964 30.73740533187535 84
52.037044412546464 26.938217519642933 36.96241450931615 67
62.70299361460345 52.493296508206924 -41.70635839127233 27
89.66762633022792 2.252774617976371 4.750793077077077 112
83.61357364491724 -54.744833528361 10.49958050855173 8
45.650677063042416 56.7543354589838 0.12663652494674693 43
64.30290106312904 38.75672737429156 28.516672062207675 47
24.519282336078373 18.91355598981741 31.007316961881486 98
29.147866434573448 -6.41121285620666 10.120945538486495 113
69.60017845184308 -0.5164649254365372 55.57241301419754 41
45.577180437135105 31.918464893067437 -80.54600318893749 6
76.22046460484013 -23.11894854345205 -22.134923391129902 32
72.0580713842736 38.79348184104944 8.945600980164727 40
47.36449634383435 70.88116121442127 -49.453011526067144 17
52.224280316715635 7.5182971892657235 -16.310396558686705 126
48.371264196351675 -26.15985709941367 22.107824220416347 97
58.771389965483976 -13.521734493779192 35.549822123255694 98
34.50518303122181 57.23235479542126 -29.46435798057759 44
23.05972673681047 -3.3110309881948723 -23.778279510140194 111
69.1324267890841 -42.66804643307236 1.8313262640015466 28
51.81967478195752 71.38145617102592 54.928757401763676 6
87.28642521789823 -46.58902782393476 30.813716555027156 20
36.797132293665875 40.41288765968412 -6.949957280651674 99
45.87355463408655 61.18056790970351 38.799725021571845 24
65.64453076063434 22.317920379842747 61.44743440457239 31
57.899058996865435 43.700803242384296 -50.20464846117757 28
80.9008152477503 -13.04559481451274 16.433411075751252 112
19.520648991318907 30.240285977932416 -33.081226458332594 137
26.280773589406714 3.813417011366795 32.42611177176656 92
9.765979423032416 -16.755026112815557 10.286862277619832 103
69.54188102519254 13.28437279523962 -43.996228221382054 15
76.89180141124966 -32.85687674774863 48.796251325933554 33
58.153289845871555 26.512846786149026 -23.270769890832227 101
42.2826775333496 7.666324265107335 -3.9989941817881203 126
93.69154224730451 -27.606125698272876 -2.0925615108008913 57
51.8440849934868 63.554312848303965 5.721029353058327 25
66.94768568179981 2.194693538281143 10.667927798903747 100
43.89291144295453 40.20330019662913 -34.92115477713105 65
34.23125017551226 66.04818355265871 -97.04510476200393 5
72.19495629281619 -26.990469554503647 41.13963211448407 56
80.08293320686035 30.57668710612279 1.4374330720246746 44
45.047155331614405 44.63235545230049 -73.42630945031262 12
85.04599549609398 -0.49901430910337297 62.49553843991012 28
52.9397194508518 -24.522786423832144 17.862835514576773 88
28.424508230829886 9.75938438868917 -30.291264373315087 131
46.61485770582906 30.319851220688292 11.000950102081418 109
60.26646834862844 35.992893599651865 46.53024988104278 39
42.39607897579536 -5.026705024939673 45.78796681705458 59
49.03664050769132 -5.410886996383951 -40.109397001609125 48
75.31471435802825 -48.923259768034555 27.881699317583696 28
86.67912409862535 -19.23203223884846 75.25538559947941 11
72.48679676578388 11.08318875798858 -8.751124728618962 118
53.9642003804223 41.96758043645778 34.30514497912111 51
33.65977521149326 -1.7924232764947874 21.96813370876663 110
65.33545364668771 4.209360491764329 30.939960546267372 97
85.94859538601204 -35.25573098136472 7.980174456820492 40
75.64998893974226 23.311736235862014 40.606192569144525 43
60.284195172707 -3.7527196080074248 -2.258780798418485 83
35.234467604945316 24.046524614284237 -52.699135347530756 64
48.47716534987552 47.784078516752174 -76.86818773751841 10
48.49056887425669 36.6159924507204 32.48031198843063 68
17.61675040345435 11.66731510702752 15.9536352935676 123
57.74330255142813 15.485144638963988 -37.8818588759778 63
94.52820836380417 -9.376250195311272 54.13029315861155 40
64.10382027260967 -23.719004659064183 -24.503506150897053 26
79.60678222917129 -64.32768051149621 61.51239095029186 5
29.08150831904023 31.567769715127156 0.1722492545949308 130
41.10325098877996 56.31422367690948 49.45648493733597 35
69.14786985192518 24.393258456971125 71.48497029599315 12
52.005281527664394 52.62486567222757 -66.59205023361946 11
77.21497624702337 0.12441125550728316 -10.542070051543178 104
13.378681507392482 38.93134017756111 -57.466622211978375 101
66.39224945322862 -10.714359013055613 -30.891454383046266 50
81.8011636106679 -30.461728927530643 33.997263238633764 58
32.48365365903109 56.246909999853074 -15.292136236682552 63
53.96317784484352 40.94688352442287 5.54911197096601 74
25.52646589095281 48.36063305748246 -28.169170079388365 99
48.89305387175164 -10.136559409910959 -26.208629590297377 76
57.131036695325236 4.382716547308348 37.316322101022934 81
95.07293023727274 -18.832119282581488 -3.7842700410823085 86
61.905427139351076 52.17078059412353 -18.19894348482842 32
23.04021389493343 25.733815008569394 -4.891424514589801 143
69.34459281649272 4.493094922863662 21.968883159177096 105
44.07887419973912 10.965779554941832 -32.45456999937258 106
68.64308830363579 -23.16434483926892 48.568658155582966 42
83.41812589554696 13.61733433774998 -22.98889759464174 67
39.093853942995985 60.98713998605234 -38.46263480422678 30
11.496779150851767 1.0427046107707838 -2.840416364519058 160
79.9223101952655 9.380300708635929 71.66823593758153 14
87.27299799981908 -46.30417187012317 48.450013192528104 14
37.18475057182643 38.72078500240954 16.464420408688426 98
50.71928711784016 15.612831295298179 28.510855505003065 93
91.05495943083966 -14.469769489038995 2.7139581878401486 111
11.834003176535171 26.291400062070977 -43.8517312737069 134
46.810445839254825 2.0683717388172056 45.51489300779227 65
49.755294052446125 43.67350565420389 16.29721000678876 68
67.91268002319522 34.133180336249154 -0.2174909933928575 79
58.88998604362264 57.512634875438835 54.54930858930507 10
25.99868881909123 13.520671961537772 -11.628834281219369 145
75.21228861936159 -8.54944603623791 60.2746854009161 32
81.41486246311261 -33.39704819942193 20.379982230335855 62
31.548507665341575 -25.9387439000145 34.22638851119936 102
54.98671018510709 -7.0913475229624225 -20.857870162287597 84
28.737745628938775 36.6690087035216 -70.25421579425225 43
32.05582451773564 50.6947844105664 -57.105454170665325 42
22.86764632110264 -6.574159790172729 19.816732811776177 116
53.177099465234136 29.009011786398872 -32.53481741453106 73
88.07634177575899 -4.968964786911229 33.33851129613382 95
75.21499298965651 -16.5235163968034 20.047592194799535 98
49.14482798801145 6.535466536984728 -39.589430223294556 71
82.03232431060098 -64.23115199570162 71.62690410533182 4
33.71930723120505 28.813394870584574 -19.78814238868624 122
44.57310423174863 55.840333063282685 30.510830625935142 38
63.10107230661816 39.75149440050251 38.04657796072016 38
62.11855631296292 69.73450597516018 -42.362063195122644 6
86.33754080441618 6.132820180987579 1.856250989788947 125
23.07638293118211 19.12229174707028 -52.4800312583632 94
77.66301906785512 -15.049668693398502 66.30224880780608 22
60.240534087424436 20.810345567296366 18.38546723096607 107
42.95645471010949 -0.23391029857994283 14.847276948960825 99
50.88884779014292 3.424801984648269 50.30871211204507 49
49.97606177176119 -34.360408582906445 35.09966059455357 82
52.3752255186613 51.6829432629514 3.7458067059399696 43
64.73647241274291 -51.08573838174169 57.99851401116504 12
15.098206164986905 36.40559019001944 -1.3898325581210713 118
64.80845229192936 -10.618928566424913 -4.943500787009754 92
40.49941834601776 31.859663663247943 -56.8615124981697 47
37.06087304620261 57.76450373121088 -88.59807424393304 9
32.025033214278395 -16.151514785179614 25.081437440312186 112
70.38185792031386 -39.92031092046423 30.908164662923753 45
50.79132430722525 73.04758802509915 -56.008603500461916 9
77.10492266082414 28.19554416738856 11.69318381809444 69
48.770248353431484 63.7455527809781 -30.90584924353749 25
3.826707827780488 4.417669978939699 -17.226208428451443 154
84.71537003052399 -12.219340956543547 45.04833509981532 51
51.22436015212175 -26.34420540855099 3.81976926772964 75
46.606700283029674 17.077777288380446 -10.60959024256212 121
57.957280445371275 35.10881987114192 55.293346942355186 34
94.36285378372709 0.051139049656853786 11.149877648608282 112
36.170626872007745 12.425464125263375 29.9467953551154 106
52.401424618105885 -2.925268598135858 -47.88422936013497 26
91.06431595734178 -36.21605013142161 45.88352517344157 28
41.09154784052825 46.635886959344845 18.680793591444285 68
67.9176851195705 28.163637597454084 -15.979502320638304 91
52.467807213244114 64.22700861251985 32.59538564451066 17
37.48499193885956 -19.364689889835162 4.625832218157456 98
82.55575024837786 -22.141091442071755 -7.089310731688542 60
61.92648547944454 42.58012308756187 0.16278119022709348 53
59.66530261536398 -55.914196967671 51.68570942613022 19
72.07489313589606 -26.008703637228848 -36.65592541397339 5
58.261579148163634 7.560099895823271 11.8943310076383 102
35.662133087807476 18.489130436343885 -35.99199878000782 104
54.39459933107551 -22.651112099238276 40.786841550921 83
24.936121248721193 48.97550846336654 -72.85760206950113 40
13.738685752641006 -1.2936730603174311 -16.818137993861257 133
64.2060420201219 -41.19394505217045 13.76313510362408 36
39.38834846615257 -10.067881677280951 -30.49249525320552 69
77.65955651214603 -48.681898469519496 46.27876275260999 18
28.48749904709951 38.33491649782977 14.882808030830745 115
74.27018214991978 22.9665666085871 53.63534261582541 26
58.014966934778926 51.21507732826797 -25.52877173555453 35
81.28331551642987 -3.014777517114581 -23.586842725992994 52
31.553698685943516 -3.240148239416797 36.17429155033 91
62.156078941433144 6.666209799473279 -51.71601222364187 11
85.19806510456863 -42.60615057225924 72.70386941989383 7
35.10189708224627 40.70151283409578 -23.015793498843166 94
54.21504155952665 30.06254028038677 -8.359173790644789 106
45.47033137815174 10.216245336788035 25.096989462590074 102
78.7946270858744 18.50029098628974 -28.798073015827953 48
60.99926990499584 -7.398314934803537 29.3064710891893 102
42.445652956515595 -15.811683331884055 45.603257782832344 59
56.25785415495792 65.76435200297774 18.666712118073093 13
69.21335965251913 -62.0520151230952 62.74412710655412 9
20.2773835411797 17.524969295246876 -27.675139259152658 150
71.63320677867627 -5.458848751526631 -3.6341998663626924 95
48.207283624355476 29.021583643092583 -52.848909880332215 45
30.276265766904608 60.34843898528479 -86.05315111665622 18
46.84649903068299 72.1405289435842 44.757695636598925 10
65.02710963059445 -27.58989493795805 64.68391150404517 10
61.98384275884726 75.9291751594532 -50.35130292512295 4
29.865679230261826 17.41797102366445 25.764346657356384 109
41.823655881580216 44.378540249674415 -59.372470759763786 35
70.20557413785635 26.782318316945947 -44.39376490671589 21
75.9159858557653 -0.5167638208404526 49.748994577120186 53
60.29560352164736 -12.789709812647729 -24.658355853186066 67
42.391666293825025 18.953126569186168 6.560016935261672 117
88.16895629860498 9.79865152483336 -14.023846433049968 82
55.55712751133155 68.01311606853997 -4.048734787021218 13
58.05809508107651 -5.603332468465155 -29.46283739507932 76
45.8488695990834 66.4561803877775 -13.179299638619952 23
63.52747709614191 20.629623924631034 10.555143838306918 113
60.97581739337765 44.72221667971294 60.40338199288905 23
27.58048855541069 0.182463382988999 -20.195925026007615 129
72.29963013403751 9.427948624635235 46.47836879248379 52
79.03118917750166 -35.00702062502788 -0.955252333126765 40
49.822186405491486 77.89450801437707 -71.37777699886395 3
52.48401660775538 -12.207991523592767 20.839909711376862 106
24.825507981485394 25.136807630558735 -29.85201465968963 131
89.70336807746885 -26.12446964778313 81.9747817190584 7
48.806528622571655 -18.18488188973157 10.681184457785236 95
57.006658834215706 -41.82283443656165 53.3976786006173 27
38.18822831059213 39.38716803978798 38.970175634608296 65
23.36614148288392 8.525245845358455 -1.611201976168374 137
52.993466275162305 22.05872095793174 -58.53101959163345 27
90.47841656177005 -10.385679821715897 67.74677087232067 23
69.03557133901987 -31.988000983380132 -12.568705966349242 35
36.033180572843406 10.697686009146508 19.101625717206304 104
65.34961607089107 28.486625528657243 36.13594146121977 53
57.02202188891993 56.23294803966144 -59.76088942369245 11
83.67666434103737 -2.319866341563852 13.380098291102627 116
20.875228820852485 38.94694985010048 -35.93967843093827 119
81.2325486081368 -24.420728175825943 42.72533670039394 53
56.441385822768794 34.51549793414199 2.3998769781660485 91
39.16536305545611 -10.726700445918937 -5.890483982342275 98
92.60672171697543 -27.25174408527323 22.673194978939648 89
43.49436391391408 -40.30611637857267 27.01237477117283 42
51.541354020264706 43.65053570865052 -11.340294002810182 67
64.54625436847087 -55.392903255265765 41.60242937916178 20
14.697550850545824 28.663313856568863 12.963891572498738 137
67.53703348471505 3.1397567980777694 -25.103191779158152 98
59.80131501850868 -44.79546841746311 10.139755838137972 22
76.72914911200766 18.493912217210635 -1.9669802448882052 117
49.25762687213328 60.69862770418297 -47.13653624195635 25
68.51095689937623 40.44182896828789 -25.895339703629503 51
55.25704277208025 -39.2387851573674 8.813815770147585 28
47.66633057887907 40.79023928189119 -23.27449615078875 67
60.85066338826075 19.995078016806673 42.098237215749805 58
57.56304983666078 83.76033666534903 -18.13884552939841 4
22.29679917783022 -12.524620893069184 -10.812651688152158 86
53.9333134972642 12.442853808345575 -67.96536888405659 7
92.22881518020034 -34.139337231465646 58.26594909500875 24
39.15778210300692 55.06685287573035 -4.769432910855684 54
73.333646205525 28.473638724627847 19.03669630893782 61
80.71081577207465 -3.913241695137259 73.96327316547126 12
32.72880549069734 4.482709899574218 5.57493024132836 101
62.64921289404085 -9.403901673045851 56.00567287577738 39
85.0035021449375 -28.979458301577637 -17.69705472489153 23
7.102777441159358 15.002451446548605 2.005755832074641 145
