3.3256896446072735, -2.779827652983812, -2.7246783548242917
3.826707827780488, 4.417669978939699, -17.226208428451443
5.799319422666265, 21.622294964047683, -19.210769694972385
6.297425768607287, 11.798193185084841, -5.934233222048718
7.102777441159358, 15.002451446548605, 2.005755832074641
7.65470650559485, 0.9179002590083485, 3.435079286510984
8.369466163596305, 19.599366499105287, -27.42490103251697
8.647844495123831, 23.78539069390561, 11.934346233749949
9.462114013273846, 6.9482402316666025, -17.638404158667356
9.765979423032416, -16.755026112815557, 10.286862277619832
10.237002785235868, 19.10134028567893, -35.842758964541204
10.917092870148176, 20.578055216308485, -13.77753716135004
11.035848241429402, 24.60823681902275, -1.7996678560045325
11.287082786079846, 34.07175138033051, -29.438356962316362
11.496779150851767, 1.0427046107707838, -2.840416364519058
11.598723024722624, 27.66818873485778, -21.23428433339582
11.834003176535171, 26.291400062070977, -43.8517312737069
12.923078208684851, 5.322223869695165, 11.056676356398157
12.968391033220847, -7.338064090831637, 5.293668460037338
13.30238384399519, 15.573272419795586, 8.050892498314624
13.378681507392482, 38.93134017756111, -57.466622211978375
13.60301524182885, 11.031270289506523, -6.754984530841483
13.738685752641006, -1.2936730603174311, -16.818137993861257
14.121242016607383, -11.623703292538195, 16.032511226701303
14.425282298878276, 10.695295057901347, -27.72176422038973
14.521751810127782, 42.061071135602646, -68.28796557614896
14.697550850545824, 28.663313856568863, 12.963891572498738
15.0255789331774, 24.39355712594775, -33.30975450410881
15.098206164986905, 36.40559019001944, -1.3898325581210713
15.226864124626454, 34.5401096349907, -42.67377124328527
16.08067955309135, 24.235691209042415, -10.26776831401952
16.286340654357705, -5.4818101493243745, -5.353393902360537
16.485614448214303, 16.959934986368438, -17.97358437194734
16.941764623459974, -16.865005744387176, 21.04249620789247
17.000996777516793, 5.8287497080343655, 2.4044466157817794
17.252325249043928, 31.572325443368896, -64.33847783389052
17.26558302012183, 21.103677685296987, 1.0805394757077522
17.28149295588484, 22.81574905924458, -46.10442309942617
17.61675040345435, 11.66731510702752, 15.9536352935676
17.6698275450496, 10.239262010315144, -8.181935881837845
17.71156677099859, -7.863152810190826, -16.91718534320478
17.797835496219264, 40.564801715592324, -28.265063085218898
17.820827135701865, 5.036447304563524, -17.48554702771179
17.87826740795587, 31.153314357175276, -20.328958439415757
17.911113763730228, -5.356931924759721, 10.89377886881627
18.920968458744838, -15.61546377908627, 11.751428959396861
19.109761262844447, -7.388971865846202, 24.13934988429287
19.19159517930463, 32.02989164649847, -50.44444291768342
19.2249885678218, 13.744806140871617, -36.185849427670576
19.27878153154297, 39.18902603694576, 17.311640504889567
19.494912290275636, 33.928220942600404, 5.09779724830301
19.520648991318907, 30.240285977932416, -33.081226458332594
19.544965746976178, 44.22863742827377, -54.77694416186904
19.769100093610025, 32.840271770987385, -6.716940769788735
20.006877932651694, 8.221899082214208, -27.30578312241626
20.021254681506615, 17.646225611429315, -13.162151286556039
20.2773835411797, 17.524969295246876, -27.675139259152658
20.311643505598635, 24.051187440411155, 19.23182435276391
20.374053862228347, 44.057861218163424, -68.00363307643866
20.688224783137237, 20.138512370400974, 3.866021284883402
20.859661667100564, -2.0815605840322036, -3.9402804555239754
20.875228820852485, 38.94694985010048, -35.93967843093827
20.90741132383754, 52.670085832970074, -80.75626377219706
21.73445275904891, 8.683625314565688, 10.390209117828618
21.839359409477243, 38.58912862664016, 29.705908070394344
21.849424470892078, 10.936887250458312, 25.91167321738115
22.29679917783022, -12.524620893069184, -10.812651688152158
22.32057257218841, -5.85163254858756, 3.6143780947795108
22.687353186096544, 26.144672200245907, -18.936080724732378
22.86764632110264, -6.574159790172729, 19.816732811776177
22.91218552126826, 2.0743724196999267, -14.335337793416144
22.992678815072452, -20.081124584930734, 22.78632512281419
23.01440265974271, 38.67195172847798, -20.541918328928602
23.04021389493343, 25.733815008569394, -4.891424514589801
23.049042540384907, 42.3472040094953, 18.56234981373558
23.05972673681047, -3.3110309881948723, -23.778279510140194
23.07638293118211, 19.12229174707028, -52.4800312583632
23.14284052493415, 27.23299532554273, -41.176608789034404
23.36614148288392, 8.525245845358455, -1.611201976168374
23.90618679488957, 32.87872387271494, -62.181769285522606
24.104500869595064, 32.026788860443844, 9.334163505942229
24.122670981921157, 6.907184426238729, -32.196374057761616
24.49159666962073, 37.261251699468005, -47.704195296819094
24.519282336078373, 18.91355598981741, 31.007316961881486
24.67130717654297, 17.645644112904165, 16.4259226942832
24.825507981485394, 25.136807630558735, -29.85201465968963
24.936121248721193, 48.97550846336654, -72.85760206950113
25.132413835206673, 13.99660078911748, -23.57852249133711
25.146339997481924, 31.11673976256452, 23.05063141941659
25.316808856960055, 16.433281915418917, -38.9858029653318
25.354989825824774, 41.13819467748533, -2.4178636259294706
25.52646589095281, 48.36063305748246, -28.169170079388365
25.60318179603851, 39.879731321292155, -34.18736574479456
25.909338436775332, 18.91872861278975, 3.6931074082069415
25.982859687993532, -13.092899410345723, -16.023677294599892
25.99868881909123, 13.520671961537772, -11.628834281219369
26.106314717910983, 46.652550385592065, -58.915292889903114
26.174312349786245, -14.907651378356562, 14.96452848870834
26.264873534460122, 43.21195068376409, 28.65998606437833
26.280773589406714, 3.813417011366795, 32.42611177176656
26.34705165416282, -19.00999026087318, 29.332404873950082
26.394636211606702, -16.620128056519818, -2.0677703952601547
26.548394969953453, -1.1995069817572812, -3.857832228873093
26.554811252274984, 7.368454049785328, 20.444243031185778
26.65176267185278, 7.144619059650466, 7.043742987229422
26.882626110899665, 47.555428867155854, 5.514370438832344
27.153813610759403, 33.8567377162351, 34.80833055669197
27.409373934471336, 53.4237312447311, -78.89911718911146
27.566349804491086, 24.721562059068162, -51.492745776717925
27.58048855541069, 0.182463382988999, -20.195925026007615
27.730243765959724, 26.645843329187187, -15.892572807824905
27.844221350164105, -6.212524981084513, 24.598489795546925
27.922158328366436, 49.404535793318075, -42.82028030362562
28.424508230829886, 9.75938438868917, -30.291264373315087
28.48749904709951, 38.33491649782977, 14.882808030830745
28.651447370165613, 31.23393373747348, -40.498043360771135
28.737745628938775, 36.6690087035216, -70.25421579425225
28.916880245472647, 47.21073092365637, -22.50427951582232
29.08150831904023, 31.567769715127156, 0.1722492545949308
29.147866434573448, -6.41121285620666, 10.120945538486495
29.161552958834235, 14.358031221006428, -4.8175661999770085
29.33565875507943, 3.282505263637603, -39.24039169115474
29.37465030343504, -23.808217299855542, 16.422006322342668
29.39138636376931, 37.085329041687515, -55.29967656609408
29.469664279705903, 27.887196818666467, 12.014288369625547
29.6318489490809, 46.46625735564746, -81.21327344384207
29.80799498043233, 28.63020731936183, 25.910726434599695
29.80975886587991, 34.33952951373908, -24.530667190706126
29.824557484854626, 16.994375429179257, -41.22681238988994
29.865679230261826, 17.41797102366445, 25.764346657356384
29.94820972442927, -14.400837304210825, -8.470910262435964
30.14142228148735, 19.707604697045014, 16.935517108350325
30.183786268106942, 21.641528156421174, -29.48689748038467
30.315951841757126, 7.404615077011101, 17.01301284344305
30.43933593817776, 15.481820207114737, -16.170446447411408
30.86254876967746, 40.69751455826486, -10.181929639910194
30.960562744279287, 47.52512713738042, -67.63454299655098
31.0784662720167, 45.05691961941855, -34.17885762771658
31.205180804994388, 19.390898332339134, 3.321131512564591
31.282968542352567, 6.031516089656833, 29.52016952964496
31.32236404764385, -21.842779580501556, 3.3124100511703887
31.326865237963663, 58.465638442592336, -72.25576948927831
31.34272936491305, 16.319376044610834, -57.280309793112124
31.548507665341575, -25.9387439000145, 34.22638851119936
31.553698685943516, -3.240148239416797, 36.17429155033
31.74356194480555, -1.7562296750532624, -26.705366597511272
31.859020943601163, -13.344514327372508, 36.60132647579741
31.995026518412335, 3.5674717005337584, -10.846741830763264
32.025033214278395, -16.151514785179614, 25.081437440312186
32.05582451773564, 50.6947844105664, -57.105454170665325
32.35284609383475, 45.95148627153466, 17.120595772678485
32.38597370578369, 46.110733905787185, 0.840297306638206
32.48365365903109, 56.246909999853074, -15.292136236682552
32.54025181407261, -12.576272408910398, -15.467896102789112
32.5509907758719, 31.847578985958222, -61.960244628054994
32.57905477769831, 39.14812552293964, 30.73740533187535
32.72880549069734, 4.482709899574218, 5.57493024132836
32.86807151542727, 23.748626563947113, 34.86535717424567
32.88479140407819, 56.51542985289461, -43.854152404850694
32.95322270175118, 25.14918336286496, -45.21450547963528
33.17567308569721, 31.947673789819646, 22.819861828037006
33.27035544864658, 23.899268346773425, -8.480724084498192
33.29733023422899, 10.201771877328923, -17.72389655944764
33.419364085674935, 50.255076726412454, 40.2719104890225
33.65977521149326, -1.7924232764947874, 21.96813370876663
33.715907063466936, 8.856240942590176, -33.18990197535501
33.71930723120505, 28.813394870584574, -19.78814238868624
33.74118225576264, 35.80946616536417, 39.63886669360261
33.80317224433437, 8.066650435789711, -46.74280623112007
33.96635957940124, 11.842960650089395, -5.34882394876233
33.9799636815522, 38.186536571317845, -75.52274201799916
34.055045104826206, -10.383355945304586, 10.9332181229384
34.05508532372173, 39.28901388288415, -47.63005952339955
34.23366841523143, 35.09159553856878, 6.1046089403600945
34.29336879901727, -5.857431732446813, -1.5896393879988437
34.33212697644829, 34.569611816628196, -33.302825934979154
34.50518303122181, 57.23235479542126, -29.46435798057759
34.67134212021881, -29.278398315808957, 25.930835313111345
34.760424061924795, 23.07732076602963, -64.57637709580041
34.79880352095536, -17.800093272542398, -11.736055494433614
35.10189708224627, 40.70151283409578, -23.015793498843166
35.19115317110171, 17.363198622310364, 9.176687099107653
35.234467604945316, 24.046524614284237, -52.699135347530756
35.25268816579031, 23.926692968070824, 43.2358700690192
35.33280360939196, -2.9643829615949073, -35.72284754092112
35.340670439625995, 9.120516453603784, 38.30837708521514
35.42676491798253, -25.117174917555488, 14.250028396864423
35.53814342161156, 23.636487759762048, 20.324031886412058
35.662133087807476, 18.489130436343885, -35.99199878000782
35.86760232587514, 63.24380323527939, -54.82493845672772
36.01184538554821, 49.95785775891852, 4.053271439099433
36.033180572843406, 10.697686009146508, 19.101625717206304
36.053370906591454, 45.52039311802585, -39.913219725219136
36.12718671374279, 51.19979757585028, 15.134583033815375
36.12775642489132, -21.011319868607615, 36.94060407486879
36.170626872007745, 12.425464125263375, 29.9467953551154
36.285783782573375, -2.5766592116733165, 30.371953733577556
36.358410648824396, -14.948212133926276, 23.05250215133782
36.47435031731538, 46.54370529851616, 27.66344160417262
36.51947731990875, 16.09371729627233, -19.12855775522854
36.68800304349185, -1.6893761444510602, -19.260196094585496
36.74080968612215, 58.79188548158885, -69.42429946276255
36.77262219101793, 57.437720593667024, 40.35339296631565
36.797132293665875, 40.41288765968412, -6.949957280651674
36.824737891745166, 51.097453563236996, -10.149300650411249
37.023594935815424, 29.83449657898055, -71.31253994861031
37.10935801295673, 4.53502067158044, -7.64289607960302
37.110222772106724, 25.44413468540958, -2.3799238202156943
37.15282969208318, 44.668685420833924, -62.174655077575906
37.18475057182643, 38.72078500240954, 16.464420408688426
37.20819349801983, 0.5843176515200526, 15.665965248327268
37.376602733878876, 31.186946357919282, 30.19479062364158
37.48499193885956, -19.364689889835162, 4.625832218157456
37.98220060291916, 6.73034280001508, -31.74872089976448
38.00945316515367, -11.954887696846257, 43.788276997504056
38.05600427678886, 30.949371188190355, -41.86947827280204
38.12649393942863, 17.77891541422207, -50.37316774073483
38.18822831059213, 39.38716803978798, 38.970175634608296
38.4255906878555, 51.56330116806643, -53.823614881102785
38.427978277259086, 22.012588206528704, 10.513142816289474
38.610789801618445, 30.822883602005646, -27.365390484047865
38.688947467914474, 16.71036157086769, -4.662237513579157
38.85907719892209, 43.498504587772516, -33.30015341131801
38.859225071777395, -14.722998901358011, -16.927473643743525
38.87111025391305, 45.955144950578955, -69.52613492069906
38.897554920397994, 43.61977684448112, 2.646814227414268
39.093853942995985, 60.98713998605234, -38.46263480422678
39.15109531015927, 60.77718320382775, -60.2714212210694
39.15778210300692, 55.06685287573035, -4.769432910855684
39.16536305545611, -10.726700445918937, -5.890483982342275
39.26293006150306, 9.30376599200369, 6.324467281664283
39.30237061252527, 21.822720948306056, 38.8327336528115
39.31181998395769, 42.46834158849498, 45.693715357317956
39.38834846615257, -10.067881677280951, -30.49249525320552
39.426135441109395, -31.952893644473207, 32.54455348228879
39.435611594502944, 56.158792209521806, -26.743995663648306
39.4587220521144, -39.33854605381315, 30.60872751117975
39.72398349854878, 8.533399284784053, -44.54543720474645
39.76047303239926, 28.292659740529416, -14.986123876477592
39.798307131713095, -9.03152471769927, 18.336763097283296
39.80968118722586, -20.100298725406745, 21.58386388955313
40.03637766645088, 40.045927596489975, -49.04437950934498
40.08763747790638, -12.198396596679984, 33.302112671505995
40.284504481288934, 18.09453366128676, -35.08682728893636
40.34220838646883, -8.829224665821243, 6.101551939809781
40.49210984939857, 11.351365640567309, -14.20812733910742
40.49941834601776, 31.859663663247943, -56.8615124981697
40.50993350549713, 11.505106362698768, 15.23577979589271
40.55449293414232, -5.673069999342118, -39.75567433088237
40.59196289173794, 65.80125562911655, -48.48612456363607
40.7094784741462, 60.10753878440602, 19.437187562704423
40.977243130900085, 55.22403944221034, 33.63656815091511
41.03444062911152, 5.460772397487034, 40.00956305454534
41.09154784052825, 46.635886959344845, 18.680793591444285
41.10325098877996, 56.31422367690948, 49.45648493733597
41.16713819503346, 18.606425688708327, 30.32816650111789
41.20368864244499, -20.871818286444295, 37.95653466971814
41.28757193605105, 18.501592007732455, -63.91852003131278
41.30029819577221, 34.00064414323552, 8.226485603738126
41.3547000742239, 56.13480147104087, 8.245393970310175
41.37488701028585, 1.1726543107219527, 26.86255384299156
41.556526033856095, -3.0008266458116992, -13.646085434832358
41.56896537154993, -26.897709219369403, -3.775245565103134
41.60300814443188, 41.54359618681349, -21.487089116954905
41.71840911639671, -30.914786391568867, 18.954856891606738
41.727870286964155, 1.975309749575075, -28.928031374221888
41.823655881580216, 44.378540249674415, -59.372470759763786
41.83425875383934, 50.453896127025416, -47.68910521841008
41.883751500328934, 66.72594590151306, 0.1807146647246327
41.94850083991541, 29.55013587252725, 20.324988353617897
42.174337536078596, -20.68887191382325, 8.289583444690237
42.22507096709901, 43.806548946507434, -6.908134229093847
42.2826775333496, 7.666324265107335, -3.9989941817881203
42.391666293825025, 18.953126569186168, 6.560016935261672
42.394640498807185, 28.588473069697415, -71.37778595411288
42.39607897579536, -5.026705024939673, 45.78796681705458
42.445652956515595, -15.811683331884055, 45.603257782832344
42.486893477211396, 57.2478147392994, -15.730122948754527
42.74335658687213, 19.546865790590118, -7.473819948131833
42.74808617415819, 34.34851789838373, -2.9659275652199426
42.76115004969258, 18.472062815404286, -22.559402725588512
42.944933565566664, 21.2520369452549, 15.6199425233863
42.95645471010949, -0.23391029857994283, 14.847276948960825
43.03476209737624, 11.522095069833881, -57.15472917060556
43.05825468418316, 29.473640863896634, 38.025954436172356
43.092590684087156, 65.75859919124576, -25.464214130528916
43.100263889607255, 31.89285908998866, 50.81294402891774
43.252866866786995, 17.587361633024585, 46.679418223378946
43.318540920124555, 25.636085728491764, -49.13952252623251
43.321910305082554, -34.51404186701619, 41.31549143307117
43.328760748049575, 41.92275390171355, 29.069284972035092
43.372082272511776, 55.48500825416792, -35.05429618577698
43.43670421163211, -7.292434621164105, -19.836638567380163
43.49436391391408, -40.30611637857267, 27.01237477117283
43.89291144295453, 40.20330019662913, -34.92115477713105
44.000979467688154, -18.464608076855328, -24.100252023192397
44.07887419973912, 10.965779554941832, -32.45456999937258
44.25247943865723, -14.252724076400042, -8.12028115856863
44.28472936626053, 27.989771203440995, -28.440247763375396
44.35093600842242, 59.96101414528684, -52.78992746019979
44.563134763321614, -10.502694882049454, 31.352108706936576
44.56960095958723, -13.571980527429233, 18.438389985730424
44.57310423174863, 55.840333063282685, 30.510830625935142
44.6600642667433, 2.6268947948986465, -42.572300933276594
44.76364327239339, 50.90842312971617, -58.013157598786336
44.77878403057961, 47.288558336376724, 40.43827780804878
44.88565468029403, 43.84504501110152, 6.626611468468468
45.14324756237792, -23.659651717362934, 30.46143004023412
45.18834660683878, 5.177379582886999, 9.446549776957568
45.271092451543666, -11.137644289560484, -35.653835254977025
45.42586269121599, 67.23170735598345, 9.871105104924624
45.46206583402914, 30.488974127041246, -15.118706552996827
45.47033137815174, 10.216245336788035, 25.096989462590074
45.503583185329205, 24.75298819084759, -61.89500130062795
45.56654507377732, 50.69106722188073, 17.75455748522677
45.63226260321903, 41.36246420909433, -51.34967715068774
45.650677063042416, 56.7543354589838, 0.12663652494674693
45.691969886265426, -34.45028531465513, 9.59268169471784
45.69381057730123, -4.582876021161155, -6.438353502944352
45.82552812206179, 64.57021222376378, -39.277539894124374
45.83165197665881, 11.379968205929856, 0.45293166440376353
45.8488695990834, 66.4561803877775, -13.179299638619952
45.87355463408655, 61.18056790970351, 38.799725021571845
46.004947937162804, 39.37861662734747, 19.73414008123285
46.23148154532114, 17.21046410605325, -40.80894237544602
46.43071672539353, -24.064266077172448, 48.27350960851365
46.435321712397595, 1.2860714770479262, -29.998785881749
46.606700283029674, 17.077777288380446, -10.60959024256212
46.61485770582906, 30.319851220688292, 11.000950102081418
46.65762872658228, 23.955923123797447, 0.6047596090104435
46.705484762593905, 47.939629068275025, -11.924329403872363
46.79622944190422, 3.1100844732716553, -17.41302407812418
46.810445839254825, 2.0683717388172056, 45.51489300779227
47.03827387974852, 51.422803857623535, -24.876195385415187
47.08543863542879, 50.881490110754214, -40.25868827451731
47.08918592183759, -27.12097850714359, -1.568932697722218
47.09328401382324, 16.571137715789177, 40.29364301790227
47.096007093702156, -39.07920979816723, 24.30899113030719
47.156465958149326, 24.197676497644977, 26.58234561417723
47.27256094981461, -11.02973430834146, 4.194886893156649
47.30064126375651, 18.245927967451337, 14.161061643645326
47.391830365299484, -12.087909008000267, 41.22647582236476
47.48503868214625, 39.75426384117145, 45.96115471060935
47.66633057887907, 40.79023928189119, -23.27449615078875
47.76522240840691, 41.1043534063767, -66.70461921779776
47.97767109923686, 2.761883506499089, -52.20538102834166
48.011014682604916, 1.647216572648091, 34.481406072197615
48.0312132768014, 55.01761697797832, 48.70517877244737
48.17116258511784, -3.1756528691586396, 19.071665442118103
48.207283624355476, 29.021583643092583, -52.848909880332215
48.20758790509727, 27.756683559608717, 45.92712532574069
48.371264196351675, -26.15985709941367, 22.107824220416347
48.396042103967034, 34.889749287354505, -38.7984254679229
48.49056887425669, 36.6159924507204, 32.48031198843063
48.62138914183794, 64.99768706431195, 20.044872198900038
48.66009387384843, 17.533363351649427, -51.55764673448007
48.748233036127544, 34.889264519025744, -27.086908992248894
48.770248353431484, 63.7455527809781, -30.90584924353749
48.77388473333528, 55.50572209438502, -6.864252047674512
48.78226862467125, 23.786155954622984, -26.221114353774155
48.806528622571655, -18.18488188973157, 10.681184457785236
48.89305387175164, -10.136559409910959, -26.208629590297377
48.90583135246689, 32.25111029731357, -3.582517559863632
48.9395692036256, 50.38764497683226, 29.34332437210739
48.988049891584865, 13.570064962417405, -28.367301032233797
49.03664050769132, -5.410886996383951, -40.109397001609125
49.0411164217261, 63.76095111404055, -17.11289284515334
49.071716919848804, 54.37274157938327, 10.711219111347503
49.094086455216704, -12.650389710337947, 27.932323570383375
49.124118663906, -7.542031024091443, -16.158515460168402
49.14482798801145, 6.535466536984728, -39.589430223294556
49.21512541119899, 44.84261135006693, 2.013179517694766
49.25762687213328, 60.69862770418297, -47.13653624195635
49.48903863482983, 14.566702423323648, -60.76608670551924
49.53200111667891, 9.170640779788755, 22.768539883695638
49.612555902799066, 47.44558803096467, 55.5405465917666
49.73532821885126, 20.457761596146185, 1.2437783788114132
49.755294052446125, 43.67350565420389, 16.29721000678876
49.97606177176119, -34.360408582906445, 35.09966059455357
50.30904092680818, -48.35557903198591, 42.19671182914905
50.33466011676391, 42.76665270072277, 45.402761215435305
50.36013408690862, -18.24859364322832, -4.259012621209038
50.36566898630096, 1.2706508464193575, -28.096203562345806
50.522353026252674, 8.013767044899197, -6.078365226885083
50.71207055014925, -22.71409874097276, 39.004636517922364
50.71928711784016, 15.612831295298179, 28.510855505003065
50.88884779014292, 3.424801984648269, 50.30871211204507
50.892763177163125, 20.058189458958452, 52.30392687126357
50.93155896497043, 41.32197904774577, -35.00882593028922
51.009404864805575, 32.837262800487366, -18.500808597433263
51.08640904559317, 21.438625499892282, -10.535832949348062
51.153752453937805, -45.69850469646562, 27.003518071563605
51.22436015212175, -26.34420540855099, 3.81976926772964
51.231002905724985, -13.239700857135688, 50.616896644233975
51.233359057185055, 51.923854731236986, -56.11602194484894
51.24667583043955, 30.441353194400676, 6.619765603716246
51.439365335691036, -35.65808574836393, 18.404449067949116
51.488355166265286, 38.589834402277035, -55.95100200964497
51.541354020264706, 43.65053570865052, -11.340294002810182
51.66880209822212, 22.061747993808297, -41.158331767989594
51.83161794863346, -31.02538903922678, 46.33813412184384
51.8440849934868, 63.554312848303965, 5.721029353058327
51.877617169421164, -8.102169362256035, 41.72145476485184
51.88676847579329, -0.5072407269031203, 32.31993464478518
51.95460721054883, 54.18234943532616, -20.72953406463192
52.01470652641169, 53.49332654937945, 44.19053355681868
52.037044412546464, 26.938217519642933, 36.96241450931615
52.11611939748683, 29.31606928333929, 22.50173344164446
52.224280316715635, 7.5182971892657235, -16.310396558686705
52.23667044537335, 7.440831856361086, 8.141634704339424
52.32683618935771, 58.12409350294118, 18.54171241437126
52.3752255186613, 51.6829432629514, 3.7458067059399696
52.401424618105885, -2.925268598135858, -47.88422936013497
52.48401660775538, -12.207991523592767, 20.839909711376862
52.521217721780324, 44.46082690870193, -43.32498037122295
52.522275123745935, 65.24491278081058, -33.971741493102655
52.58425185110889, -6.5322541351932415, 10.744036879800632
52.6924084172718, 54.30688322537085, -35.08279102493836
52.70275606985668, 31.3612868411862, -46.2862615965271
52.7142526169953, 12.049079162266935, -40.889014551129804
52.921192565764485, -16.347316558536562, 6.93416638710292
52.939336004146696, 61.24049145595893, -8.065899615068545
52.9397194508518, -24.522786423832144, 17.862835514576773
52.95933529016131, 11.297193038146844, 40.06593652959373
52.993466275162305, 22.05872095793174, -58.53101959163345
53.060593818269766, -12.530139508914402, -30.901529721294793
53.08025587688719, 19.25310006360536, 16.76592191368428
53.165323717604174, 35.184975084396, 49.78368648645804
53.177099465234136, 29.009011786398872, -32.53481741453106
53.21506419939654, 38.28443986608016, 59.19187587486343
53.320418386319126, -32.420855058270575, -2.4870603163268328
53.32778611569117, 40.63838654595307, -26.652267025572513
53.44505512969344, -19.70593729499329, -19.284051214032033
53.447321123475355, -14.928473864744078, -2.5805886795712922
53.5039779011697, 42.07245603923914, 24.388088138773327
53.69170303588899, -23.782460457555985, 27.018186809401044
53.82180163310878, 18.322296526857002, -24.594554049714844
53.956967999216374, 23.50492435550632, 3.968639119576949
53.96317784484352, 40.94688352442287, 5.54911197096601
53.9642003804223, 41.96758043645778, 34.30514497912111
53.96763770002493, 16.177786705731364, -3.5613956106093525
54.07712982959033, -5.560101053854467, -8.633162384939155
54.10173483774769, 24.581618620919244, 60.20823698304045
54.11720802117528, 1.6105262555202557, 20.79680672745215
54.21504155952665, 30.06254028038677, -8.359173790644789
54.26888366394928, 30.50465277402904, -20.5743559575548
54.29051474602192, 47.91976963768056, 55.0251812344099
54.39459933107551, -22.651112099238276, 40.786841550921
54.488663094402256, -0.30380576142846394, -41.02090163294862
54.60961364808915, -24.685011068790985, 54.52013721903887
54.70060138823103, 6.36373562942444, -31.49677444238459
54.75820024980496, -33.029571233897585, 26.692386624557685
54.98671018510709, -7.0913475229624225, -20.857870162287597
55.00824235523321, 7.165827107368415, -52.77517567759122
55.055913505283705, -1.6364899714927361, 46.23779358634724
55.170507380273584, -24.826471377824163, -8.329758093689833
55.25704277208025, -39.2387851573674, 8.813815770147585
55.30262622076435, 49.51597530049119, 16.193217563566947
55.41228924308964, -43.08188817374199, 37.52632451919945
55.435383410814445, -7.800713707142904, 32.18880066298527
55.48271431496177, -43.57284148760034, 18.341681010160187
55.658113635602945, 9.590600407859654, 22.82502339746162
55.931064912763794, -45.907044360575796, 49.396064615482715
55.97682386609745, 12.128291108424605, 58.2531645937554
56.27656553170416, -4.8626035413238355, 6.9389567980333595
56.37376786139722, 33.78254882531394, -40.780224679371784
56.409217799172076, -28.25701515499273, 11.16131145913451
56.441385822768794, 34.51549793414199, 2.3998769781660485
56.482920626444255, 54.05108744878635, 30.447989390898613
56.5337728305087, 19.812155190192897, 29.704275407906636
56.63139851893795, -33.397920089952294, 43.31156979957066
56.76369873724686, 42.805141472626644, -3.517218520349971
56.810326952956494, 6.814271571264328, -1.6532103469157278
56.81408704530304, 30.547396598473284, 16.946608336347936
56.82697225595966, 33.53981848757354, 35.22606795799905
56.9806864968754, 19.902370861974134, 46.29224575307654
57.006658834215706, -41.82283443656165, 53.3976786006173
57.06947382429001, 18.38558586467829, -15.285955540315314
57.11551784809538, 31.09895067791726, -59.26463949731182
57.131036695325236, 4.382716547308348, 37.316322101022934
57.13540880596116, -20.033635554729415, -28.61930163096109
57.181166064645325, -12.197078101907707, -40.08173761925441
57.18415052321628, 52.57185330806786, -0.4553585473313859
57.23093929758241, -11.987740649468762, 52.04417137818521
57.23209026469238, 41.087302622987465, -17.577281884089587
57.34773765112801, 57.30779470259256, 7.407223364924164
57.3961383925228, 57.40360322706749, -12.18299691232707
57.46615959096224, 19.706185454048693, 9.688343233178585
57.467968969153894, 45.33150854665263, -37.110395610663986
57.70460600248428, -22.98461340603717, 4.379037503104598
57.70560942279423, -18.511512135707818, 18.698813858802765
57.74330255142813, 15.485144638963988, -37.8818588759778
57.81574704049477, 56.239830031961645, -39.9772528433723
57.86187351971848, 46.521063454022794, 45.536305591996495
57.899058996865435, 43.700803242384296, -50.20464846117757
57.957280445371275, 35.10881987114192, 55.293346942355186
58.014966934778926, 51.21507732826797, -25.52877173555453
58.028963022940516, -14.774305683703247, -13.312258512859572
58.05809508107651, -5.603332468465155, -29.46283739507932
58.1110085223839, -39.205093227498054, 2.161885722852901
58.14137353679637, 37.34712135874358, -28.908708374299565
58.153289845871555, 26.512846786149026, -23.270769890832227
58.261579148163634, 7.560099895823271, 11.8943310076383
58.32499798475882, 18.495516564745515, -48.78247788948153
58.35574182169451, -2.5989915188358594, 18.78204036146144
58.56428177798445, 9.132670831519505, -25.838246808036573
58.739945457282246, -21.755473139811627, 43.20898543646476
58.74406761666299, -0.6424471439649295, -17.07353319381447
58.771389965483976, -13.521734493779192, 35.549822123255694
59.01427880057576, 44.448498774483824, 9.403508912087801
59.14881653807926, 32.886597723282904, -10.797531462331094
59.167681292735985, 43.32599837598329, 24.05228821304641
59.4790835994639, 6.498024733615097, -39.63017362059415
59.48588752282359, 46.00031328921662, 33.6618041683561
59.49827698770412, -32.323538598137446, 17.05331734829562
59.605265630284435, 21.927945892737995, -1.9075154761287791
59.636903876975836, 4.835698343720452, 24.948900169658515
59.709871221539146, 24.816983628147284, 29.75792450137598
59.77524160742317, -43.406544340670735, 24.703333328564526
59.80131501850868, -44.79546841746311, 10.139755838137972
59.90260070225739, -31.193845948748006, 57.850080094468694
60.00733560478027, -44.12672774578337, 47.113717225414604
60.18627807769176, 26.383248827841072, 59.73453593220597
60.240534087424436, 20.810345567296366, 18.38546723096607
60.26646834862844, 35.992893599651865, 46.53024988104278
60.284195172707, -3.7527196080074248, -2.258780798418485
60.29560352164736, -12.789709812647729, -24.658355853186066
60.312584930983036, -27.39146114833666, 30.897597623667508
60.341509004814995, -35.19583829147187, 40.25637712843394
60.38123568253724, 28.052356866873424, -35.79322469537854
60.38190378024224, -9.237925892862364, 45.483617736933724
60.38931847180349, 45.254651000422854, -10.347196473140514
60.476133137682055, 4.807822316249769, 47.87642498848862
60.60326544734325, 54.31012252188344, 19.782073839888255
60.63166459091954, -16.51724824348983, -38.73461211069505
60.69961987813792, 34.23489200796456, -52.607126538576054
60.79855589741775, -22.610680983880357, 51.7776191252149
60.85066338826075, 19.995078016806673, 42.098237215749805
60.97581739337765, 44.72221667971294, 60.40338199288905
60.99926990499584, -7.398314934803537, 29.3064710891893
61.12046314838362, -25.063826404060336, -4.073748735607552
61.13823640002142, 8.969660546523613, 38.685468621828676
61.189385803166886, -50.897151688432686, 34.12779784526708
61.21817334152739, -28.54811538014225, 8.045527841025176
61.33514482645784, -5.198661847152692, 36.91688793255278
61.378888164575564, 29.66974321242185, 4.418363052435325
61.488258477420544, -19.193503319256436, -13.838216640035228
61.52271494430218, 19.17522977063763, -26.785058872144333
61.57650082249037, 32.25472721262162, 29.26403745088885
61.80319359695934, 9.902089800963665, -10.572566472496845
61.905427139351076, 52.17078059412353, -18.19894348482842
61.92648547944454, 42.58012308756187, 0.16278119022709348
61.954399682279835, -40.107876279425895, 58.852861512905235
62.04291730907758, 38.36163442893829, -40.5462957571354
62.05471371318955, 14.652591650445402, 55.082748686125484
62.11741548971441, 9.694130031559808, 0.24816033012336902
62.177237233813784, -13.60611554841266, 9.232850061697604
62.21990099633163, -2.98110014212439, -29.512870409184742
62.31239073258733, -0.938974356132178, 6.628646900223401
62.625045143601895, 35.472540689357544, -20.624993308925056
62.64921289404085, -9.403901673045851, 56.00567287577738
62.70299361460345, 52.493296508206924, -41.70635839127233
62.80693904948459, 47.86274802986705, 50.00232950434676
62.80894210983108, -23.02808483262565, 22.889450619384405
62.8413500657485, -17.483214748661936, 58.364469486807735
62.85281425686389, 52.12381491222058, 6.937347876398007
62.98741235594173, 5.255576201126274, -24.871138007238812
63.10107230661816, 39.75149440050251, 38.04657796072016
63.15330781601667, 17.241621964254165, 30.61534324109698
63.220434517030455, 47.78679329326161, 40.6107631842693
63.26348750493409, -3.082308112036344, -14.607521808092159
63.52747709614191, 20.629623924631034, 10.555143838306918
63.5277278696043, 23.47780158334274, -12.090899977062406
63.78715202705808, 33.82207127505396, 12.227501600683553
63.81535407326133, 10.99589029452352, -37.8392818746816
63.9730904911432, 33.79348198759362, -7.14243869647224
64.02470180575118, 8.693281828551932, 19.914438794036784
64.07271238770001, -19.990427047534254, 39.92753275952782
64.10382027260967, -23.719004659064183, -24.503506150897053
64.16667546329556, -5.653908360468648, 19.93074335998506
64.2060420201219, -41.19394505217045, 13.76313510362408
64.30290106312904, 38.75672737429156, 28.516672062207675
64.30727548838632, -32.80763356657506, -13.372564892628745
64.40513795077824, 23.82464624941582, -39.82073561228613
64.4716366010704, 2.0487898741423862, 62.106286029125556
64.54238436430929, -47.364480275060714, 46.63133013473143
64.54625436847087, -55.392903255265765, 41.60242937916178
64.55702614269985, -34.22885482279469, 50.694357026207086
64.64734936889002, 17.89892600167829, -48.896256583878824
64.80326872301892, 36.44041832949955, 58.14869481537173
64.80845229192936, -10.618928566424913, -4.943500787009754
64.96017816568505, -2.3068430432715132, 44.98125233391852
64.9893093943091, -14.26036719840964, 34.66416264700101
65.00133163301321, 48.44370047581344, 18.283768468077056
65.00647058199003, -40.117965180724354, 25.36145775548198
65.15821448749092, 12.693924970716722, 42.879731014553556
65.1602168339794, -21.578306044612418, 5.595532101519211
65.33545364668771, 4.209360491764329, 30.939960546267372
65.34961607089107, 28.486625528657243, 36.13594146121977
65.39302497050717, 28.41660346003536, 49.486782403577365
65.54825871368757, 46.38699052273833, -28.457195216817937
65.5483927853674, -40.90141711344971, 37.20459104981944
65.63965919276306, 30.35111722661435, -30.060084410506647
65.64453076063434, 22.317920379842747, 61.44743440457239
65.77676650244553, 18.569482846615273, -23.24665001505096
65.80140023680136, 24.464044508679223, 21.502291920337143
65.96902675161587, 48.77348869660236, -8.024019475505483
66.08407527411768, 19.266038265123257, 1.417009747439323
66.1400586160896, 9.84308138756154, -11.240246039698803
66.31894591691993, -30.891437135848165, 14.137560349576404
66.39224945322862, -10.714359013055613, -30.891454383046266
66.41549458598077, -10.422063517726698, -22.70567628929966
66.55862463687971, 3.3019826749403194, -2.162517046465922
66.72530599855807, -5.939927552872518, 31.062849513771454
66.87578099021403, 10.773338179267569, 53.904218151661155
66.94768568179981, 2.194693538281143, 10.667927798903747
67.11988762962136, 41.47246431139024, -40.484014552465084
67.36059695801009, -30.984394509437394, -2.565247375529694
67.37618191342183, 47.89894998992699, 7.961257351384745
67.53703348471505, 3.1397567980777694, -25.103191779158152
67.54677431268037, -12.3834148778583, 49.75802774405139
67.64033229849137, -19.249744536522925, 18.554628613245512
67.72184087334976, -25.82082928340091, 30.89912450396571
67.82344508060966, -9.973803651516732, 7.172836327215634
67.8303038896906, -18.862398957714845, -9.536416589491452
67.88246585108853, 2.789234698645487, -33.815739416691315
67.91268002319522, 34.133180336249154, -0.2174909933928575
67.9176851195705, 28.163637597454084, -15.979502320638304
68.23733662391682, -11.41330995234972, 63.16753097315609
68.51095689937623, 40.44182896828789, -25.895339703629503
68.57402772823174, 40.65122003181406, -13.214252411092033
68.64021213797882, 27.512410124941653, 10.32655568880864
68.64308830363579, -23.16434483926892, 48.568658155582966
68.68466126172788, 14.873636834989554, 32.48083701114106
68.74099858182717, -32.074764303256, 43.833077300103724
68.80503048980796, -47.45655955514039, 47.71895783200907
68.82369142595255, 18.52326404964296, -5.5455859369034215
69.03557133901987, -31.988000983380132, -12.568705966349242
69.13158534759964, -36.330540787234696, 17.322290960554966
69.1324267890841, -42.66804643307236, 1.8313262640015466
69.16062771996059, 39.86951393242657, 17.74391144380718
69.23599225477695, -0.5508809450335121, 43.32695223007639
69.34459281649272, 4.493094922863662, 21.968883159177096
69.51325886779159, -53.24648447782934, 34.62843740333807
69.60017845184308, -0.5164649254365372, 55.57241301419754
69.66482992608613, 26.548562728770776, 59.26518054190868
69.71136558789247, 21.407141365018873, 48.634680172849784
69.73751647862153, 17.455201293009992, -17.155134360682425
69.75833513253734, 20.838725475336332, -31.143983417185638
69.88594829588041, 15.274407061655069, 17.44836267254925
69.99024363163622, -20.077776477698947, -23.547549060811534
70.0935531645446, -18.61919825528676, 37.64756990358259
70.11763552486781, 0.23063773059146797, -14.1184926950028
70.15361652069846, -12.34862996734877, 21.04778484193585
70.20557413785635, 26.782318316945947, -44.39376490671589
70.30184274417269, 12.014792353127575, 62.66167204021261
70.33854007844027, -26.19902152679785, 7.737864644630605
70.3665762347734, 28.2934096748601, 26.989302044218874
70.38185792031386, -39.92031092046423, 30.908164662923753
70.44024344284398, 51.864859469670876, -31.475719459340112
70.57263251590504, -5.383217320948901, -30.339707272866903
70.86488432514074, 48.3567234081647, -18.97077545541768
71.15716678431441, -22.445604040679044, 63.60801282764359
71.20580704585898, 34.628497783466855, 51.47351754896712
71.25178772161051, 39.39253012411177, -34.27954594916652
71.25469897607503, 30.888466606957138, 39.463408138025414
71.46885834391813, -49.3567344410946, 22.642955927342967
71.60072149274362, -8.019076212476875, -16.30142068626644
71.63320677867627, -5.458848751526631, -3.6341998663626924
71.88965867046464, 8.370829518023186, 6.487642622685769
72.0580713842736, 38.79348184104944, 8.945600980164727
72.1446194366551, -25.333591725655452, 18.499695965101694
72.19495629281619, -26.990469554503647, 41.13963211448407
72.25321851275436, -20.320914258986605, -9.264862300137665
72.25396946956359, -4.515024036974623, 10.013285786559635
72.25627364727352, 32.18329578270294, -21.8548722512528
72.27769962989264, 8.210630824193402, -26.14820585634459
72.29963013403751, 9.427948624635235, 46.47836879248379
72.38939276783945, 25.753908568417387, -8.799618003555352
72.48679676578388, 11.08318875798858, -8.751124728618962
72.49775859584598, -43.37200041406521, 35.734933398978455
72.61646799510932, -31.145977509849672, 31.496495439032117
72.75626045416047, -0.468747683478, 33.24980364609391
72.77687153917383, -14.948957771039716, 51.36370093912353
73.05786268420371, -41.423452860306426, 51.10497947885287
73.081336499786, -16.51196077378242, 6.337139933322504
73.12394392248788, 21.102240692011293, 3.5038100155480834
73.333646205525, 28.473638724627847, 19.03669630893782
73.37411479813258, -34.134119891074334, -16.465867486431577
73.45002421223288, 16.138501462483987, 28.13987738073189
73.73361746487795, -27.462575304026615, 55.58307101258845
73.78210116736994, -15.894427865687447, 30.3035804320034
73.88377895978061, -41.41281052263844, 10.153738590312258
73.96527397005859, -30.17629332176233, -1.646408418014076
74.01720063576809, 36.696217056197696, -11.92127197985782
74.27018214991978, 22.9665666085871, 53.63534261582541
74.29580415452098, 5.157146472308057, -33.54558137382499
74.44923909027436, 37.92295806636875, 1.3492969130545305
74.48099873386124, 17.892056128690257, -38.344944293905414
74.48497084340727, 1.9708539160410226, 21.247800088763597
74.73510205355176, 9.036184610291599, 60.5314447942778
74.86971485202572, -13.324445941873705, -18.085002321389453
74.97981959137374, -6.94936386995218, 40.78991044742949
75.0349670252326, -21.366939081872246, 44.87268232516226
75.04707894171266, 27.79568067424887, -34.01496973049781
75.21228861936159, -8.54944603623791, 60.2746854009161
75.21499298965651, -16.5235163968034, 20.047592194799535
75.27466077363817, 23.14409343265561, -19.22512587160226
75.31471435802825, -48.923259768034555, 27.881699317583696
75.62383469919374, -9.909845852845763, -3.2324918868073667
75.64998893974226, 23.311736235862014, 40.606192569144525
75.82414809505731, -1.8591750598592682, -24.093071493066134
75.8424851903988, 8.893889420821182, -4.126636047104313
75.9159858557653, -0.5167638208404526, 49.748994577120186
76.0613719051418, -39.18539588961161, 23.840788426125727
76.22046460484013, -23.11894854345205, -22.134923391129902
76.2212903723133, 13.971767977094231, 18.39072585654253
76.23407785801129, 40.79608457112198, -25.494882943444154
76.72914911200766, 18.493912217210635, -1.9669802448882052
76.82466898054071, 30.95354459949226, -6.219535495015435
76.89180141124966, -32.85687674774863, 48.796251325933554
76.91466833909341, -37.60150138624043, 35.809036444602015
77.00383910543287, -28.92838598575443, 29.952698467696166
77.10492266082414, 28.19554416738856, 11.69318381809444
77.13571489125457, -10.321260989082603, 11.452547053698169
77.15504746780175, 28.34619741056136, 31.2845911688471
77.18460993383931, -26.235641441714563, 13.62274404763076
77.2067858429011, -3.019429671997912, 6.020775425654961
77.21497624702337, 0.12441125550728316, -10.542070051543178
77.32559996293219, -22.392079387034485, -8.66080131928257
77.47309744123476, 8.617749827949638, 8.110771706852688
77.48349222002177, 6.39580705818986, -18.751334824292016
77.65030879306926, -47.98321821295032, 9.619234461505613
77.66301906785512, -15.049668693398502, 66.30224880780608
77.89103050672101, -6.091329655238667, 29.52506577759172
78.03407692822032, 13.95366279778412, 50.76277087910441
78.0842683158896, -35.54617564417386, -11.933713674295802
78.39750254950175, -1.4664315503516008, 40.77341768359247
78.4639045328456, 8.791185003436453, 35.0463417490424
78.71985922740086, -18.830476825743688, 3.8595590134692657
78.7946270858744, 18.50029098628974, -28.798073015827953
79.03118917750166, -35.00702062502788, -0.955252333126765
79.1883403655007, -9.600374898659737, -31.346172661933934
79.21219283144465, -12.244730657189166, -15.247074850768072
79.37495130891558, -14.180300929230569, 51.38826045778734
79.50030972849694, 1.1481663377394398, 62.30872372393699
79.5948624220229, 33.840801084401875, -16.22468033013915
79.80173449620118, -26.882122644053254, 57.85097879466582
79.87762790943549, 3.6805917728883912, 22.23726389734938
80.03995214972963, 15.885946188095659, -14.22151915218737
80.04982952269688, 33.11619464842602, -28.54059673150377
80.08293320686035, 30.57668710612279, 1.4374330720246746
80.15961165429378, -20.385793825715595, 25.48439141922651
80.33262042795947, 19.095392046132503, 27.28885411750008
80.38040289900862, -14.348501361849202, 36.707426357854075
80.52965266161972, 9.259327954331923, -2.216286730523251
80.89413835361208, -39.857846413723564, 9.61451948136937
80.9008152477503, -13.04559481451274, 16.433411075751252
81.11644915116159, -42.689271456051785, 31.577151158070336
81.12543527341846, -7.262904735683421, 0.6204379715182426
81.2325486081368, -24.420728175825943, 42.72533670039394
81.28331551642987, -3.014777517114581, -23.586842725992994
81.41486246311261, -33.39704819942193, 20.379982230335855
81.4444083825656, 22.190965441608085, 9.590539738076359
81.5127407604915, -25.380256172022925, -19.195683408697008
81.60926236657173, -6.174001269550956, 55.88174680652807
81.77841436463117, -38.46007221514182, 48.958335565576846
81.8011636106679, -30.461728927530643, 33.997263238633764
82.31846335801727, 23.05698960519493, -5.068005799441508
82.37643550398019, 9.362076178197071, 13.057522738387831
82.38625632351949, -3.075723740590618, 38.41648747140161
82.39910767712779, 2.552677015753119, -12.315761872054054
82.55575024837786, -22.141091442071755, -7.089310731688542
82.55936523244294, 5.733316917822634, 48.623969627928176
82.63300644854729, -23.017996569541808, 9.518420944090082
83.2323780655011, -31.289508172106622, -1.6503160321779689
83.3878364587243, 0.9769434041934915, 27.854996255388443
83.41812589554696, 13.61733433774998, -22.98889759464174
83.67666434103737, -2.319866341563852, 13.380098291102627
83.6886595628176, 9.143277342880253, 33.89137030222699
83.74714648690232, -23.304033359866594, 22.387221885747152
83.95110716710619, 14.232182595991816, 21.014748135832292
84.05031467950691, 14.887552747172066, -10.22899647520832
84.18935995448834, -9.19981542974223, 27.662607713380083
84.20259742103589, -13.94767530455691, -19.10576908789818
84.32226236870875, -23.97908736685683, 61.532637500647155
84.71537003052399, -12.219340956543547, 45.04833509981532
84.90880537364973, -41.36353954551015, -2.0122548645193064
85.0035021449375, -28.979458301577637, -17.69705472489153
85.04599549609398, -0.49901430910337297, 62.49553843991012
85.17699840494211, -13.983606384351319, 17.865058795189128
85.19416826546164, 21.63914765133461, 1.2341169397539886
85.20583685798653, 26.415648668476422, -14.2140648301922
85.31671707749382, -21.30291309273268, 37.12132971463029
85.35730477274826, -36.47041104040929, 41.776734805601876
85.65788928934867, -10.852364038699292, 5.765854275404621
85.94859538601204, -35.25573098136472, 7.980174456820492
86.07773359627183, -45.23719601042036, 17.910163348546007
86.33754080441618, 6.132820180987579, 1.856250989788947
86.56825611410943, 3.78061891228694, 19.39641207480554
86.65673845043071, -25.15524256160822, 49.48272150646525
86.83489754093165, -13.615038261966845, 60.20112984982612
87.05025721828818, 1.4385705632466, 43.972122245479824
87.05458565952091, -34.16214397735774, 26.20713503468727
87.18471138483295, -21.82315625490898, -16.12477075140235
87.20671395023263, -34.31912810126563, -6.788356993821154
87.28642521789823, -46.58902782393476, 30.813716555027156
87.49981345545052, -28.176037824670388, 13.540480493191723
87.78698388444262, -7.951359930521832, -7.281847197831667
88.07634177575899, -4.968964786911229, 33.33851129613382
88.16895629860498, 9.79865152483336, -14.023846433049968
88.8248278635595, -18.532982377047503, 24.801632417315744
88.85458470829595, -23.866378162648402, -0.26448806601810304
89.11210121438509, -3.808307369232253, 55.44845290889779
89.66762633022792, 2.252774617976371, 4.750793077077077
89.778305638597, -19.187037012552537, 12.3926215034993
89.91847744499525, -35.022157945064095, 36.43672877031281
89.94960268077125, -7.486542998401575, 18.16694524263383
90.01506140843458, -39.741281346029766, 2.119974689872265
90.47841656177005, -10.385679821715897, 67.74677087232067
90.59603669203359, -12.03068025163033, 44.823206566385124
90.6942476757097, -18.705868403539597, 60.425579979027816
90.87225573267061, -22.644631169051067, 36.03692419843384
91.05495943083966, -14.469769489038995, 2.7139581878401486
91.06431595734178, -36.21605013142161, 45.88352517344157
91.21995242404051, -33.456818237370584, -12.920170456465812
91.27516079708238, -39.306878829979325, 14.106959377031956
91.35700245588096, -42.682197491064, 26.036991395429766
91.73246525984004, -18.401630546978154, -12.322162875446594
92.22881518020034, -34.139337231465646, 58.26594909500875
92.2753678704688, -21.782904529156426, 49.84233021763944
92.60672171697543, -27.25174408527323, 22.673194978939648
93.3370893161745, -9.957179051681209, 31.55159275980887
93.69154224730451, -27.606125698272876, -2.0925615108008913
93.74257748738252, -27.794174964409535, 10.663415366074872
93.83179555373721, -24.33795425387244, 70.06293840589154
93.84210397090511, -6.512641880851305, -2.359920220699422
94.36285378372709, 0.051139049656853786, 11.149877648608282
94.52820836380417, -9.376250195311272, 54.13029315861155
94.62164252697598, -15.138556643588245, 20.50254144887373
94.83998319499246, -15.71570395770621, 10.062236658716245
95.07293023727274, -18.832119282581488, -3.7842700410823085
95.20513733139018, -13.970389523780284, 70.96917942361344
95.45486886867769, 4.656547980350467, 1.0134353094947244
95.53641773897901, -22.58869956225334, 40.99960748166106
96.56377310868073, -3.864868577342037, 25.04756231819721
